#type       avg     std     min      p5     p10     p50     p67     p75     p80     p85     p90     p95     p99    p999   p9999      QPS   target       ts_start         ts_end
read      251.2    94.8    93.8   152.0   166.6   241.1   273.5   291.4   304.4   319.1   340.1   373.3   473.6   895.8  3532.1  29963.0    30000  1778430517106  1778430527264
read      247.8   110.1   101.3   154.7   167.0   233.7   264.7   281.8   294.2   310.0   331.1   369.7   531.9  1176.6  4072.5  29965.2    30005  1778430528782  1778430538909
read      258.7   125.4   101.3   157.8   171.7   246.2   279.6   297.3   310.8   325.9   345.9   384.9   520.8  1242.3  4397.0  30028.2    30010  1778430540424  1778430550527
read      252.6    91.3   101.3   155.6   169.0   242.3   275.0   292.8   305.8   320.0   341.2   374.6   480.5   810.1  3029.2  29933.7    30015  1778430552041  1778430562140
read      257.5   106.3   101.3   159.3   172.9   247.4   280.3   297.3   310.6   325.2   344.8   378.2   472.1  1176.8  4009.2  29898.8    30020  1778430563655  1778430573754
read      265.4   105.4   101.3   163.0   177.7   255.7   288.9   307.0   319.3   335.8   356.6   391.7   492.6   972.6  4356.5  30004.9    30025  1778430575268  1778430585374
read      250.8   104.2   101.3   160.5   172.9   238.9   270.0   287.3   299.3   314.6   334.8   368.4   471.3   825.6  4295.2  30017.7    30030  1778430586890  1778430596990
read      248.5   120.3   101.3   157.8   169.9   234.4   265.8   283.4   295.9   311.7   332.1   366.9   475.0  1421.1  4792.0  30096.2    30035  1778430598505  1778430608617
read      254.3   108.8   101.3   161.9   174.5   242.6   273.9   290.9   303.1   317.2   337.5   371.3   489.7  1008.0  4291.7  30105.1    30040  1778430610132  1778430620236
read      247.4   113.7   101.3   158.1   170.1   235.5   266.9   283.9   295.4   310.4   329.1   361.6   455.4  1193.2  4150.0  30075.3    30045  1778430621752  1778430631856
read      252.1    90.9   101.3   162.7   175.1   241.2   272.5   290.0   302.3   316.5   335.9   367.2   459.2   765.1  3386.5  30031.3    30050  1778430633372  1778430643479
read      250.7   104.8    93.8   159.1   171.0   239.4   271.2   288.6   300.7   315.6   335.7   368.6   465.0   864.4  4220.1  29968.0    30055  1778430644995  1778430655100
read      255.1   122.3   101.3   163.0   175.7   242.4   273.3   290.5   302.7   316.8   336.9   370.2   495.3  1333.8  4544.1  30069.8    30060  1778430656615  1778430666713
read      250.2    91.4   101.3   161.0   173.6   239.8   271.1   288.1   299.7   314.2   333.2   364.5   455.3   788.1  3324.3  30219.3    30065  1778430668230  1778430678330
read      254.5    92.3   101.3   163.7   176.6   243.9   274.9   292.2   304.6   318.4   338.3   370.0   462.7   832.8  3486.5  30147.6    30070  1778430679845  1778430689947
read      250.1   122.0   109.4   162.8   175.0   238.3   268.8   285.4   296.7   311.4   329.6   359.7   442.4  1026.2  6006.2  30012.2    30075  1778430691461  1778430701564
read      246.0   100.2   101.3   159.9   171.6   234.4   265.0   281.6   293.3   307.7   325.1   356.7   452.0   900.9  3952.3  30098.5    30080  1778430703078  1778430713180
read      247.7   103.0   101.3   159.3   171.5   236.7   267.5   284.4   296.1   310.9   329.4   360.8   446.4   839.9  4096.5  30083.6    30085  1778430714694  1778430724795
read      252.8    96.0   101.3   162.9   175.5   242.1   272.5   289.6   301.5   315.8   335.2   367.1   469.8   829.5  3393.4  30011.2    30090  1778430726308  1778430736409
read      254.3    96.0    93.8   157.3   171.1   244.4   277.4   295.2   308.3   322.3   342.5   374.1   466.5   803.8  3702.0  30192.4    30095  1778430737926  1778430748025
read      263.1    99.3    93.8   160.8   175.3   253.1   287.6   306.0   318.6   335.0   355.9   390.9   481.4   926.3  3743.4  30142.9    30100  1778430749539  1778430759638
read      254.9    98.4    93.8   155.7   169.8   245.3   278.2   296.0   309.4   324.0   343.7   375.7   467.7   874.3  2991.2  30076.9    30105  1778430761153  1778430771254
read      250.8    99.3    93.8   154.0   167.1   240.0   272.8   290.8   303.5   317.9   338.1   370.5   464.8  1464.8  3268.8  30150.2    30110  1778430772769  1778430782874
read      248.3   105.9   101.3   152.8   165.9   236.9   268.9   286.6   298.7   314.3   334.4   367.2   465.3  1482.3  3487.0  30173.2    30115  1778430784389  1778430794491
read      255.9   104.7    93.8   158.1   171.5   244.6   277.2   294.8   308.0   322.0   342.5   376.0   498.6  1232.7  3487.3  30105.4    30120  1778430796005  1778430806108
read      247.6   107.8   101.3   152.8   165.4   233.8   265.9   283.9   296.5   313.1   334.9   371.9   507.5  1158.3  4243.3  30147.5    30125  1778430807622  1778430817723
read      246.6   106.6   101.3   153.8   166.7   235.4   266.5   283.6   295.4   310.8   330.2   363.7   466.2   989.6  4135.0  30081.5    30130  1778430819239  1778430829341
read      263.7   131.2   101.3   158.9   172.2   245.5   279.8   298.8   313.2   330.6   355.6   406.8   650.7  1448.4  4145.3  30058.0    30135  1778430830857  1778430840957
read      257.2   105.0    93.8   158.1   171.6   244.3   277.4   295.7   309.6   325.1   345.7   384.7   520.9  1294.8  3541.2  30193.4    30140  1778430842472  1778430852574
read      261.7   108.1    93.8   157.7   171.8   249.5   283.6   302.0   315.3   331.9   353.8   393.8   539.9  1125.1  4094.9  30069.0    30145  1778430854089  1778430864190
read      255.2   115.1   101.3   155.4   169.0   243.7   276.6   294.7   308.1   322.4   342.8   376.7   491.9  1353.8  4097.5  30126.2    30150  1778430865703  1778430875804
read      248.9    94.5   101.3   153.6   166.8   238.7   270.8   288.3   300.6   315.7   336.0   369.1   470.0   819.9  3368.6  30196.7    30155  1778430877320  1778430887421
read      254.4   100.2    93.8   154.4   168.5   244.7   277.6   295.3   308.6   323.1   343.4   376.7   478.1   853.7  3891.7  30175.9    30160  1778430888934  1778430899036
read      258.6   122.7    93.8   156.1   169.8   244.9   278.6   296.6   310.4   325.9   347.2   390.9   557.8  1210.7  4357.4  30205.9    30165  1778430900550  1778430910651
read      254.6   132.8   101.3   152.7   165.7   239.6   272.9   291.5   305.1   320.5   343.4   387.3   560.9  1548.5  4268.5  30141.8    30170  1778430912167  1778430922316
read      294.3   302.3    93.8   152.4   165.5   241.7   277.8   299.3   316.5   340.2   384.6   551.9  1469.9  4280.5  6343.1  30193.1    30175  1778430923835  1778430934091
read      352.6   416.2    93.8   154.3   168.3   252.8   297.7   328.2   357.2   413.3   549.9   821.9  2624.6  4357.8  6821.5  30119.0    30180  1778430935608  1778430945844
