#type       avg     std     min      p5     p10     p50     p67     p75     p80     p85     p90     p95     p99    p999   p9999      QPS   target       ts_start         ts_end
read      268.4   134.0    93.8   159.5   173.4   249.9   284.7   304.0   317.7   336.4   362.7   417.9   672.0  1790.2  4170.4  29935.4    30000  1778432418893  1778432429045
read      255.2   156.3   101.3   154.2   167.8   241.3   274.0   292.5   306.1   321.0   343.0   383.2   522.3  1235.5  5370.6  30056.8    30005  1778432430563  1778432440691
read      249.1   107.0   101.3   152.3   165.5   236.9   269.7   287.8   300.5   316.4   338.1   374.1   493.7   940.4  4028.1  30021.2    30010  1778432442205  1778432452306
read      256.6   109.1   101.3   158.4   172.2   244.4   276.5   294.6   308.0   322.6   343.8   381.1   508.5  1127.5  4071.6  29999.6    30015  1778432453822  1778432463922
read      262.6   131.2    93.8   158.9   172.6   246.9   280.6   299.3   313.2   329.8   352.2   395.8   590.0  1624.1  4750.1  29972.6    30020  1778432465440  1778432475541
read      260.2   112.6   101.3   158.3   172.3   248.5   282.7   301.1   314.4   330.5   351.3   389.6   510.7  1069.8  4217.1  29980.6    30025  1778432477059  1778432487168
read      260.6   123.9   101.3   162.7   175.8   245.9   278.3   296.2   309.7   324.7   345.7   387.3   546.2  1529.4  4445.1  30049.6    30030  1778432488686  1778432498788
read      254.7   113.1   101.3   162.6   175.2   242.0   272.9   290.4   302.9   317.5   338.1   371.6   489.9  1172.8  4234.2  30010.4    30035  1778432500301  1778432510404
read      255.2   102.6   101.3   162.7   175.7   245.1   275.9   293.1   305.7   319.5   339.6   370.9   464.6   860.4  4068.3  30054.0    30040  1778432511918  1778432522021
read      251.7   104.2   101.3   158.6   171.2   240.4   272.3   290.0   302.4   317.1   337.6   370.4   467.5   957.5  4022.4  30121.1    30045  1778432523535  1778432533642
read      258.8   117.6    93.8   161.1   174.4   246.9   279.6   297.1   310.8   326.1   346.6   384.1   489.9  1188.9  4355.4  30091.7    30050  1778432535159  1778432545266
read      258.1   101.5    93.8   162.0   175.5   247.8   280.2   297.6   310.7   325.2   344.9   378.6   469.7  1040.9  4093.2  30072.3    30055  1778432546782  1778432556892
read      249.9   102.5    93.8   156.7   169.3   239.4   271.6   289.1   301.3   315.9   335.9   368.0   458.3   808.4  4209.4  30038.4    30060  1778432558409  1778432568511
read      252.7    97.6   101.3   162.2   174.9   242.2   272.5   289.4   301.1   315.3   334.6   366.7   469.6   885.2  3642.8  30099.8    30065  1778432570027  1778432580128
read      247.6    96.9   101.3   158.7   170.8   236.5   267.1   283.9   295.7   310.7   329.6   361.9   462.2   841.5  3830.7  29994.2    30070  1778432581642  1778432591743
read      250.9   102.1   109.4   163.4   175.9   240.4   270.1   286.7   298.0   312.8   331.3   361.8   453.8   958.8  3838.2  30095.7    30075  1778432593257  1778432603360
read      250.4   103.4   101.3   160.5   172.9   239.9   270.7   287.8   299.5   314.3   333.6   365.2   457.5   910.1  3695.1  30146.3    30080  1778432604876  1778432614979
read      252.6    92.9    93.8   161.4   174.4   242.4   273.2   290.5   302.9   317.2   337.2   369.2   458.5   850.9  3695.0  30074.4    30085  1778432616493  1778432626594
read      254.0    95.3   101.3   161.4   174.0   243.2   274.9   292.4   305.2   319.3   340.0   372.7   471.3   890.4  3487.9  30054.9    30090  1778432628110  1778432638210
read      253.7   103.9   101.3   163.5   176.2   243.1   273.6   290.7   302.9   317.1   336.8   368.2   458.0   921.8  4162.3  30049.9    30095  1778432639723  1778432649826
read      253.3   104.4    93.8   156.3   170.0   243.2   275.7   293.6   306.6   320.5   341.0   372.3   461.5  1014.0  4269.4  30072.0    30100  1778432651340  1778432661441
read      263.7   106.8    93.8   162.2   176.2   252.8   287.3   305.8   318.5   335.2   356.3   392.0   494.8  1078.9  3963.5  30091.5    30105  1778432662956  1778432673059
read      255.3    99.3   101.3   160.4   173.5   244.3   277.0   295.2   308.7   323.5   343.9   376.8   466.0   798.3  3878.0  30059.7    30110  1778432674574  1778432684675
read      250.6   168.9   101.3   156.4   169.3   239.5   271.8   289.6   302.1   316.8   336.8   368.7   453.0   735.5  4303.8  30021.1    30115  1778432686190  1778432696291
read      254.0    98.6   101.3   159.6   172.6   243.2   275.7   293.9   307.1   321.1   342.0   373.8   460.8   984.7  4092.1  30180.6    30120  1778432697807  1778432707906
read      258.5   105.4   101.3   161.8   175.3   248.9   281.6   299.2   312.3   327.4   346.5   379.7   462.8   727.2  4019.2  30042.7    30125  1778432709421  1778432719519
read      262.8   113.9   101.3   162.1   176.3   252.7   286.3   304.4   317.0   332.8   352.2   384.9   468.0  1263.1  4256.9  30053.0    30130  1778432721032  1778432731135
read      264.8   106.5    93.8   162.2   177.4   255.3   288.9   307.2   319.5   335.9   356.6   390.4   475.1   909.3  4264.2  30130.0    30135  1778432732650  1778432742754
read      262.3   102.7    93.8   162.1   176.1   252.7   286.4   304.6   317.2   333.1   353.0   387.2   470.7   840.4  4294.0  30075.2    30140  1778432744268  1778432754369
read      263.9   101.6   101.3   163.5   178.3   254.9   287.6   305.3   317.5   333.2   352.5   385.7   468.6   965.9  3831.0  30166.4    30145  1778432755882  1778432765982
read      265.1   101.6    93.8   162.4   176.7   254.9   288.9   307.5   320.0   336.9   358.5   394.1   495.6   931.1  3652.8  30196.1    30150  1778432767497  1778432777599
read      258.3   102.2    93.8   156.6   171.0   248.3   282.0   300.1   313.7   329.7   350.0   385.8   478.3   922.0  3864.4  30182.9    30155  1778432779115  1778432789214
read      251.3   107.2   101.3   160.6   173.5   240.5   270.9   287.9   299.6   314.5   334.2   366.7   458.6   919.6  4366.9  30146.9    30160  1778432790728  1778432800842
read      261.0   163.0   101.3   158.6   172.5   245.8   278.4   295.7   308.8   322.8   343.0   376.4   488.9  2341.5  5964.5  30081.3    30165  1778432802356  1778432812458
