./mcperf -s 100.96.3.2 -a 10.0.16.6 --noload -T 8 -C 8 -D 4 -Q 1000 -c 8 -t 5 -w 2 --scan 5000:80000:5000
#type       avg     std     min      p5     p10     p50     p67     p75     p80     p85     p90     p95     p99    p999   p9999     QPS   target
read      456.5   746.8    93.8   188.5   205.3   277.7   315.1   341.7   366.9   415.8  1106.9  1380.6  2332.8  8089.8 15523.1   4959.4     5000
read      514.8   596.9    93.8   182.0   207.0   319.7   379.3   431.1   505.7  1101.7  1254.6  1479.3  2329.7  7693.1  8963.0  10035.0    10000
read      584.9   617.5    93.8   169.1   203.7   363.9   457.3   561.0   799.9  1238.0  1357.2  1602.0  2366.2  7523.7  9339.1  15073.2    15000
read      679.4   678.6    93.8   175.0   208.4   415.5   591.0   859.7  1236.4  1346.4  1472.8  1784.1  2513.5  7720.6 10257.3  19957.8    20000
read     3157.2  1648.4   109.4  1027.7  1149.8  3307.7  3527.3  3699.7  3851.1  4100.1  4739.8  6706.8  8064.8 10125.2 13935.2  22296.4    25000
read     3088.6  1607.4   137.8  1046.4  1146.7  3265.8  3455.2  3613.8  3741.7  4027.0  4559.9  6332.8  8042.0 10466.4 14505.9  23039.0    30000
read     3028.5  1604.3   173.5  1037.3  1132.5  3235.3  3424.1  3549.5  3695.9  3996.5  4514.1  6089.4  8023.3 10115.2 13891.1  23570.8    35000
read     2968.8  1615.9   127.6  1011.4  1102.0  3183.7  3387.7  3482.6  3652.5  3940.2  4372.8  5989.4  8033.1 11782.2 15046.4  24039.2    40000
read     3013.6  1589.8   275.4  1021.9  1117.6  3220.6  3417.3  3538.8  3688.6  3964.1  4439.2  6092.2  8024.3  9902.8 11852.0  23692.8    45000
read     3061.6  1621.9   148.8  1011.0  1117.5  3243.7  3441.3  3596.1  3736.7  4045.8  4576.2  6332.7  8037.2 10100.6 14897.8  23297.2    50000
read     3148.6  1623.2   236.1  1053.5  1154.6  3291.6  3498.3  3681.1  3830.9  4128.1  4701.3  6569.0  8045.2 10129.8 14093.2  22708.8    55000
read     2937.8  1590.9   137.8   975.0  1069.9  3159.5  3378.2  3486.6  3685.5  4000.6  4374.8  5844.1  7998.9  9905.2 12267.6  24195.8    60000
read     3021.9  1614.4   187.4  1057.7  1142.8  3229.3  3404.4  3486.5  3637.2  3876.5  4424.4  5990.5  8051.3 13214.0 15502.1  23668.4    65000
read     3094.0  1609.2   187.4  1057.8  1152.2  3271.0  3451.4  3601.3  3730.1  4033.7  4597.4  6365.5  8039.2 10401.7 14457.0  23077.0    70000
read     2899.6  1585.6   160.7   977.9  1068.0  3141.4  3343.5  3451.9  3597.3  3910.6  4318.4  5670.1  8005.5 10065.3 13733.6  24588.4    75000
read     2999.3  1619.0   173.5  1021.4  1111.0  3194.6  3395.2  3488.3  3674.7  3983.4  4413.8  6331.8  8032.1 10224.7 15885.0  23835.4    80000
Warning! Detected max cpu usage > 95%
CPU Usage Stats (avg/min/max): 67.14%,0.50%,100.00%
