./mcperf -s 100.96.3.2 -a 10.0.16.6 --noload -T 8 -C 8 -D 4 -Q 1000 -c 8 -t 5 -w 2 --scan 5000:80000:5000
#type       avg     std     min      p5     p10     p50     p67     p75     p80     p85     p90     p95     p99    p999   p9999     QPS   target
read      403.4   569.4    93.8   177.5   194.2   270.7   310.9   338.4   364.1   415.4   645.2  1218.0  2177.4  7969.9 10190.3   4989.8     5000
read      424.9   468.6    93.8   173.8   196.2   296.5   344.7   380.7   419.1   507.6   899.6  1251.3  2135.5  7289.2  9141.7  10002.0    10000
read      515.4   541.4    86.8   168.9   196.4   336.3   407.4   473.9   582.2  1003.7  1249.4  1443.7  2286.9  7461.7  8314.2  14924.4    15000
read      637.1   629.0    86.8   172.0   205.0   397.0   539.9   735.6  1123.1  1282.4  1413.9  1718.6  2465.3  7461.3  9110.9  19970.1    20000
read     2762.0  1589.1    93.8   882.8   999.2  3066.1  3278.5  3418.8  3534.3  3782.7  4212.1  5440.5  7979.0  9901.3 14319.3  24701.1    25000
read     2924.9  1576.3   218.6   984.0  1082.8  3148.6  3370.1  3483.3  3647.7  3895.1  4340.4  5780.8  8004.7  9728.4 12783.6  24211.2    30000
read     2836.4  1600.4   118.1   959.9  1045.1  3095.3  3300.0  3437.1  3580.6  3862.4  4278.0  5500.4  8001.1 12177.0 15792.0  25142.4    35000
read     2894.4  1587.2   109.4   984.8  1081.7  3135.9  3344.3  3453.8  3590.1  3846.1  4290.0  5524.1  8019.9 12088.8 14972.7  24600.8    40000
read     2885.7  1596.2   137.8   963.8  1051.5  3116.4  3333.3  3466.9  3647.4  3945.1  4340.7  5683.9  7997.4  9985.0 14481.4  24644.4    45000
read     2862.2  1573.2   118.1   966.3  1060.1  3115.7  3317.6  3436.3  3557.3  3832.8  4263.8  5556.9  8002.4 10040.5 14539.4  24826.2    50000
read     2913.1  1573.9   218.6  1012.2  1102.5  3142.7  3351.8  3461.8  3599.4  3814.4  4291.1  5652.0  8010.1  9934.1 14784.1  24517.2    55000
read     2859.4  1566.8   137.8   974.8  1065.5  3113.6  3321.4  3446.3  3591.0  3866.3  4274.9  5520.7  7977.4  9651.3 12998.0  24887.0    60000
read     2886.4  1567.9   202.4   978.2  1078.1  3132.0  3334.9  3446.5  3574.4  3834.9  4288.9  5663.2  7987.5  9536.5 12712.3  24678.8    65000
read     2857.2  1592.3   137.8   971.3  1060.1  3105.8  3304.0  3433.5  3568.3  3885.6  4312.8  5619.6  7998.0  9903.7 14639.3  24970.0    70000
read     2844.9  1592.2   218.6   962.5  1053.6  3100.1  3294.9  3426.5  3552.4  3864.6  4286.3  5535.4  8013.1 10148.8 14216.4  25041.8    75000
read     2881.2  1583.8   173.5   966.6  1061.5  3122.8  3331.1  3449.6  3588.1  3845.4  4287.1  5551.3  8013.4 10180.0 13785.8  24740.4    80000
Warning! Detected max cpu usage > 95%
CPU Usage Stats (avg/min/max): 66.63%,1.00%,100.00%
