./mcperf -s 100.96.3.2 -a 10.0.16.6 --noload -T 8 -C 8 -D 4 -Q 1000 -c 8 -t 5 -w 2 --scan 5000:80000:5000
#type       avg     std     min      p5     p10     p50     p67     p75     p80     p85     p90     p95     p99    p999   p9999     QPS   target
read      478.5   616.7   101.3   200.4   219.9   319.1   381.0   443.5   521.7   653.9   860.2  1269.0  2533.7  7947.7 10016.3   4985.6     5000
read      324.8   105.0    93.8   185.6   212.6   317.2   356.9   378.9   396.1   416.3   440.9   483.3   585.3   871.7  2467.2  10075.4    10000
read      334.7   119.0    93.8   172.8   199.9   328.9   374.8   399.6   417.9   437.8   466.2   509.3   612.3  1122.4  3187.3  15000.8    15000
read      373.9   375.5    93.8   165.6   190.8   343.4   397.6   427.3   449.0   473.6   507.9   570.0  1171.3  5827.1 11962.5  19950.8    20000
read      373.2   163.8    86.8   165.8   190.9   364.2   426.7   461.0   486.3   515.7   552.9   615.8   748.2  1492.9  3574.1  25013.6    25000
read      395.7   188.2    86.8   167.0   194.7   377.0   449.5   490.2   519.8   554.0   599.5   677.9   928.9  1732.7  4510.4  30071.8    30000
read      756.8   750.6    93.8   189.4   229.8   513.3   724.8   965.0  1170.5  1368.5  1575.8  1889.8  3068.2  8013.5 10387.4  35016.8    35000
read     1978.3  1062.2    93.8  1234.1  1338.2  1773.1  1917.7  2011.7  2098.0  2209.3  2459.5  3365.4  7855.1  9722.8 12405.5  35734.2    40000
read     1963.9  1080.0   160.7  1228.7  1329.1  1739.0  1885.6  1994.6  2084.2  2214.4  2477.6  3316.2  7858.5  9944.2 14960.2  36206.2    45000
read     1912.2  1068.2   137.8  1172.6  1277.7  1701.7  1850.3  1952.9  2032.5  2165.8  2438.0  3279.2  7849.1  9953.8 14208.0  37038.8    50000
read     2086.7  1101.4   173.5  1290.0  1404.9  1855.5  2020.5  2136.2  2224.0  2356.0  2604.5  3576.9  7889.0  9716.6 12497.2  34126.2    55000
read     2070.8  1138.1   374.7  1244.8  1366.7  1832.7  2013.6  2134.9  2227.3  2360.2  2641.2  3555.3  7901.4 10272.9 16901.0  34493.2    60000
read     2045.6  1079.8   173.5  1285.1  1395.7  1821.3  1979.9  2080.2  2166.3  2294.0  2544.6  3485.6  7878.7  9589.6 12330.2  34813.2    65000
read     2068.7  1096.7   160.7  1255.1  1369.4  1836.9  2015.2  2134.9  2225.3  2353.9  2629.9  3601.2  7881.4  9337.4 11777.4  34461.2    70000
read     2105.7  1108.2   374.7  1308.3  1417.8  1869.1  2045.3  2164.0  2259.3  2374.4  2640.0  3611.0  7902.2  9841.5 12881.0  33894.7    75000
read     2062.2  1088.3   137.8  1259.6  1375.4  1834.8  2012.4  2129.2  2214.1  2343.9  2603.5  3559.6  7868.0  9483.4 13108.4  34508.6    80000
Warning! Detected max cpu usage > 95%
CPU Usage Stats (avg/min/max): 66.46%,1.01%,100.00%
