./mcperf -s 100.96.3.2 -a 10.0.16.6 --noload -T 8 -C 8 -D 4 -Q 1000 -c 8 -t 5 -w 2 --scan 5000:80000:5000
#type       avg     std     min      p5     p10     p50     p67     p75     p80     p85     p90     p95     p99    p999   p9999     QPS   target
read      300.3   155.0   101.3   196.7   214.0   282.3   311.2   327.8   340.0   355.6   375.9   420.1   740.4  2092.2  4237.7   4980.4     5000
read      327.9   167.3   101.3   189.4   216.5   308.8   346.4   368.7   385.4   404.2   431.8   477.0   789.2  2277.7  6985.5   9919.2    10000
read      356.7   263.9    93.8   171.0   202.9   331.9   380.5   407.0   427.1   451.2   483.7   538.7  1002.4  3793.8  7891.1  15052.8    15000
read      368.1   222.0    93.8   162.1   191.0   350.6   409.4   441.6   464.7   493.2   529.7   586.4   789.3  2878.1  7778.9  19923.8    20000
read      394.7   314.6    93.8   160.9   189.0   362.4   431.6   469.0   497.4   530.0   572.0   639.8  1194.9  5119.6  8011.4  25074.6    25000
read      409.9   335.7    86.8   159.4   188.1   367.0   444.4   488.3   519.9   556.5   604.9   686.5  1435.0  4869.1  8076.7  29947.0    30000
read      452.7   372.1    86.8   164.9   197.8   394.3   486.2   538.6   577.0   623.7   690.0   853.0  1528.4  5428.1  8192.1  35024.0    35000
read      763.6   772.5    93.8   192.8   241.8   527.3   741.1   996.5  1139.1  1279.6  1543.2  1774.3  3490.7  8023.6  9872.3  40061.8    40000
read     1558.5   929.0   109.4  1119.8  1191.5  1346.3  1423.2  1480.4  1558.2  1745.0  2034.5  2634.4  7625.7  9300.6 12687.8  44009.6    45000
read     1551.0   937.1   173.5  1131.8  1185.3  1325.3  1385.0  1457.7  1518.9  1681.6  2017.8  2609.2  7638.3  9577.6 14948.7  44965.3    50000
read     1488.5   868.3   127.6  1100.5  1126.2  1271.8  1352.7  1412.3  1490.0  1649.5  1980.7  2501.4  7555.1  8864.5 11317.0  46698.2    55000
read     1484.3   841.4   173.5  1110.6  1140.4  1278.7  1354.0  1400.9  1472.9  1602.1  1855.6  2495.0  7521.7  8126.9 10974.1  46901.6    60000
read     1493.0   824.6   173.5  1130.6  1178.8  1304.5  1360.6  1388.9  1447.7  1534.3  1848.9  2516.9  7498.3  8118.6 10085.3  46517.6    65000
read     1395.1   815.8   148.8  1049.0  1095.3  1211.2  1263.6  1299.6  1352.1  1454.4  1831.0  2356.2  7036.7  9483.9 14798.2  49647.0    70000
read     1585.0   960.3   218.6  1176.9  1206.9  1346.5  1409.2  1465.1  1506.8  1629.4  2130.6  2690.4  7680.0  9045.0 13252.0  44190.1    75000
read     1506.0   878.5   218.6  1116.9  1152.1  1290.8  1358.3  1398.2  1459.7  1568.3  2017.9  2541.7  7561.9  8707.6 10826.2  46238.4    80000
Warning! Detected max cpu usage > 95%
CPU Usage Stats (avg/min/max): 67.10%,0.51%,100.00%
