./mcperf -s 100.96.3.2 -a 10.0.16.6 --noload -T 8 -C 8 -D 4 -Q 1000 -c 8 -t 5 -w 2 --scan 5000:80000:5000
#type       avg     std     min      p5     p10     p50     p67     p75     p80     p85     p90     p95     p99    p999   p9999     QPS   target
read      312.6   113.1   109.4   203.2   221.9   301.4   335.0   354.1   368.0   385.4   407.6   450.3   552.6  1238.5  4838.1   5063.6     5000
read      341.1   120.6   101.3   192.7   222.2   333.6   375.3   398.5   415.8   435.1   462.2   503.9   601.1  1330.0  3846.0   9984.8    10000
read      357.4   124.1    93.8   177.6   208.9   354.0   402.0   428.8   448.2   470.0   499.9   545.3   650.4   937.4  3045.5  14913.8    15000
read      378.4   147.7    86.8   170.5   198.9   376.3   432.9   463.2   485.5   510.7   544.8   597.4   722.7  1465.8  3676.2  20015.8    20000
read      402.1   226.1    86.8   171.1   197.6   384.9   452.5   488.9   515.0   547.2   590.0   662.5   981.8  2604.9  7279.5  25037.6    25000
read      411.7   187.9    93.8   175.3   202.8   394.7   470.1   511.6   542.5   579.0   626.0   704.2   930.6  1565.3  4074.1  29969.4    30000
read      934.7   905.8    93.8   199.8   248.5   597.4  1073.6  1386.2  1545.0  1698.5  1866.5  2174.7  3739.5  8082.0 10672.1  34934.4    35000
read     1995.1  1069.1   127.6  1230.7  1340.0  1781.7  1936.0  2033.7  2132.0  2256.5  2499.5  3415.9  7857.9  9397.9 11867.6  35445.1    40000
read     2010.8  1070.9   160.7  1253.5  1361.4  1796.6  1945.7  2031.8  2123.2  2237.5  2498.3  3439.0  7865.7  9144.9 11500.9  35379.0    45000
read     1991.5  1065.0   148.8  1225.0  1332.4  1772.2  1930.0  2031.0  2130.9  2261.5  2515.6  3407.2  7854.4  8989.6 12256.5  35647.6    50000
read     2001.0  1084.9   218.6  1213.5  1320.0  1783.4  1960.8  2068.6  2160.2  2291.8  2535.5  3441.5  7867.1  9415.3 12587.2  35557.4    55000
read     2076.1  1091.8   137.8  1293.8  1401.3  1856.2  2016.7  2127.3  2205.9  2333.0  2557.7  3569.3  7882.3  9791.3 14852.3  34287.6    60000
read     2081.0  1122.9   148.8  1300.0  1405.1  1844.4  2010.6  2125.9  2211.3  2343.0  2576.2  3572.1  7900.3 10145.7 15944.9  34318.4    65000
read     2044.9  1104.0   148.8  1234.1  1351.5  1824.3  1996.4  2109.9  2194.1  2327.9  2560.1  3516.9  7887.6  9930.5 13740.9  34834.4    70000
read     2074.7  1092.0   160.7  1284.9  1395.7  1847.2  2017.5  2130.7  2211.6  2340.0  2582.5  3556.6  7879.3  9697.1 12726.8  34323.2    75000
read     1972.6  1061.7   187.4  1225.9  1330.9  1759.1  1909.1  2009.9  2097.6  2207.4  2453.2  3356.8  7857.9  9709.9 13226.0  35996.8    80000
Warning! Detected max cpu usage > 95%
CPU Usage Stats (avg/min/max): 66.76%,1.00%,100.00%
