./mcperf -s 100.96.3.2 -a 10.0.16.6 --noload -T 8 -C 8 -D 4 -Q 1000 -c 8 -t 5 -w 2 --scan 5000:80000:5000
#type       avg     std     min      p5     p10     p50     p67     p75     p80     p85     p90     p95     p99    p999   p9999     QPS   target
read      355.9   176.7   127.6   229.2   250.7   330.7   365.7   387.7   403.6   426.3   456.5   509.1   924.9  2299.1  7124.2   4952.4     5000
read      415.1   437.3   109.4   210.2   240.9   359.6   412.1   443.5   466.6   496.3   537.5   611.4  1718.0  7564.8  9142.5   9993.4    10000
read      459.4   490.0   101.3   198.0   232.1   397.2   467.2   506.8   536.3   572.0   620.9   710.3  1999.5  7510.6  8278.5  15005.0    15000
read      536.8   737.4   101.3   193.7   227.9   418.4   506.8   556.9   593.9   640.3   716.8   960.2  3855.6  9506.3 15059.2  20052.0    20000
read      837.3  1068.3   101.3   209.6   252.0   511.8   662.1   796.2  1021.4  1507.8  1878.9  2301.1  7018.0 10136.3 15874.8  25029.4    25000
read     1260.6  1190.8   101.3   251.9   312.4   812.4  1568.7  1769.6  1963.6  2297.2  2504.3  2763.3  7538.2  9876.7 15874.8  29905.8    30000
read     2035.9  1139.3   109.4  1095.3  1586.2  1831.5  1910.1  1975.2  2015.9  2100.7  2291.0  3579.8  7912.9  9863.0 15347.1  33701.2    35000
read     2021.3  1082.3   202.4  1531.6  1595.2  1769.3  1845.5  1881.3  1943.0  2014.8  2211.3  3423.8  7899.2  9591.5 14170.2  35207.4    40000
read     2031.7  1072.7   160.7  1528.4  1593.7  1779.0  1855.3  1902.3  1971.0  2045.7  2359.4  3423.1  7890.9  9473.6 13790.8  35225.3    45000
read     2024.5  1160.3   346.9  1511.4  1553.4  1734.6  1824.2  1869.4  1922.4  2010.5  2271.6  3452.2  7951.2 10142.9 15739.5  35300.7    50000
read     2154.9  1152.9   236.1  1607.7  1648.6  1854.6  1963.0  2027.2  2115.4  2246.3  2628.7  3685.5  7946.3 10637.6 14966.4  33260.9    55000
read     2252.7  1186.4   160.7  1679.0  1750.9  1945.2  2024.9  2114.0  2184.8  2343.4  2720.9  3875.2  7959.4 10831.2 16115.2  31858.8    60000
read     2205.0  1168.9   374.7  1647.2  1703.2  1895.2  1990.1  2034.7  2122.1  2243.1  2723.3  3759.2  7973.8 10132.8 15399.8  32555.0    65000
read     2002.4  1077.4   137.8  1507.9  1549.6  1736.8  1829.2  1875.1  1937.6  2020.9  2278.5  3410.6  7879.0  9689.4 14481.1  35603.6    70000
read     2228.1  1126.8   297.4  1658.2  1735.6  1943.8  2030.8  2125.2  2190.0  2337.9  2651.3  3758.0  7948.3 10063.0 13592.7  32209.2    75000
read     2236.1  1177.4   275.4  1630.3  1676.7  1904.6  2027.2  2151.7  2275.2  2478.2  2770.3  3797.0  7961.0 10138.8 15764.1  32078.0    80000
Warning! Detected max cpu usage > 95%
CPU Usage Stats (avg/min/max): 66.43%,1.01%,100.00%
