./mcperf -s 100.96.3.2 -a 10.0.16.6 --noload -T 8 -C 8 -D 4 -Q 1000 -c 8 -t 5 -w 2 --scan 5000:80000:5000
#type       avg     std     min      p5     p10     p50     p67     p75     p80     p85     p90     p95     p99    p999   p9999     QPS   target
read      419.2   468.6   101.3   210.3   233.7   326.5   369.6   400.4   432.2   494.9   625.6   914.8  2096.2  7736.4 10024.7   5006.4     5000
read      345.2   134.6    93.8   206.1   235.6   338.6   376.6   397.0   411.9   429.9   453.7   490.5   586.8  1342.3  7092.9   9942.4    10000
read      346.8   130.6    86.8   174.2   206.2   343.5   389.4   413.9   431.8   453.9   481.2   524.9   623.9  1013.9  3918.6  15014.4    15000
read      366.5   147.0    86.8   170.1   199.9   364.0   417.1   445.3   464.9   489.2   519.4   568.2   678.9  1534.6  4395.9  20060.0    20000
read      376.0   169.0    86.8   162.0   189.2   368.3   429.5   462.4   486.6   514.4   550.1   610.3   770.1  1910.6  3112.8  24980.0    25000
read      373.2   175.2    86.8   160.7   184.7   362.5   430.8   466.8   493.4   524.0   562.3   621.6   760.9  1759.6  4542.9  29863.2    30000
read      393.8   207.3    86.8   155.6   183.3   373.3   448.6   490.9   521.4   557.2   604.2   681.1   933.5  2223.5  5376.4  34794.4    35000
read      418.4   228.6    86.8   162.6   192.8   388.0   474.5   524.7   559.7   600.8   655.8   748.2  1045.4  2079.2  7220.0  40129.2    40000
read      918.1   700.2    93.8   239.3   310.5   831.7  1098.1  1199.9  1268.9  1359.9  1489.6  1800.9  2712.6  7994.9  9414.7  44952.3    45000
read     1489.9   848.9   118.1  1040.5  1101.2  1283.4  1407.6  1491.0  1566.1  1670.3  1984.3  2534.2  7484.4  8814.1 11644.6  46390.4    50000
read     1537.9   884.9   118.1  1060.6  1116.7  1330.1  1452.8  1540.2  1609.0  1717.7  2027.9  2611.5  7607.8  8943.5 12420.0  45401.8    55000
read     1479.8   826.7   321.2  1031.3  1077.8  1273.0  1396.8  1486.2  1564.6  1679.2  2065.4  2517.0  7350.9  8130.2 10246.7  46846.4    60000
read     1503.9   846.2   187.4  1036.3  1088.4  1297.5  1426.6  1513.3  1592.4  1710.7  2094.8  2562.6  7484.9  8723.9 11191.3  46134.3    65000
read     1481.3   840.8   137.8  1032.3  1081.1  1273.2  1386.6  1478.2  1558.1  1677.3  2064.3  2522.3  7438.8  8136.9 10904.9  46925.4    70000
read     1494.9   861.9   101.3  1022.4  1068.5  1285.7  1413.7  1503.1  1588.4  1712.4  2048.0  2522.0  7558.9  8129.1 10844.1  46616.4    75000
read     1487.8   847.7   118.1  1029.4  1076.4  1278.3  1400.9  1493.2  1580.6  1701.6  2054.6  2509.8  7501.3  8596.0 11010.5  46751.8    80000
Warning! Detected max cpu usage > 95%
CPU Usage Stats (avg/min/max): 66.60%,0.50%,100.00%
