Random waveform, supplied seed
Total number of intervals = 120 (6927, 52892, 98921, 61129, 40613, 53226, 38560, 103465, 104758, 94759, 37799, 8296, 69443, 12517, 43591, 20430, 93758, 10485, 16518, 83230, 5484, 55611, 20774, 96726, 32442, 73039, 74055, 51197, 59442, 35654, 78747, 42212, 52488, 36950, 16762, 79473, 61431, 87172, 108181, 80515, 37149, 13444, 72057, 70041, 90162, 52082, 24258, 72013, 58012, 45398, 50177, 34504, 66010, 73937, 55020, 53235, 97743, 5419, 14764, 7451, 48208, 16149, 78989, 18886, 75954, 44409, 16431, 85707, 58253, 103867, 21604, 90401, 84467, 99700, 32052, 18173, 67789, 51929, 83850, 18614, 29315, 108090, 27024, 49907, 9150, 34328, 51881, 14569, 81517, 78694, 93409, 39093, 18729, 70818, 21942, 91810, 39588, 40957, 62645, 15539, 107672, 32954, 58866, 23739, 54701, 60706, 72350, 58661, 34912, 103268, 38703, 83358, 57408, 86837, 33517, 66204, 73758, 99742, 109462, 94453)
Average QPS expected = 55318
Timestamp start: 1777996494522
Timestamp end: 1777998294839

#type       avg     std     min      p5     p10     p50     p67     p75     p80     p85     p90     p95     p99    p999   p9999      QPS   target
read      269.0   135.5    93.8   172.5   190.5   255.1   279.3   293.2   303.9   316.3   334.3   365.9   732.4  1477.4  4903.5   6916.6     6927
read      308.4   181.7    86.8   132.6   146.9   280.5   341.3   377.9   405.4   439.0   488.7   575.8   875.8  1896.0  4411.5  52877.2    52892
read      325.9   311.0    80.4   138.4   153.4   263.4   321.9   356.6   383.5   419.9   483.7   679.4  1638.1  3618.5  7579.3  98901.7    98921
read      283.2   148.6    86.8   131.6   145.0   263.8   319.2   348.2   370.3   397.5   434.8   507.1   722.8  1347.9  3427.9  61095.9    61129
read      311.0   162.9    86.8   138.5   154.6   291.9   348.8   382.3   406.2   435.5   475.5   545.4   738.1  1646.5  4005.3  40652.6    40613
read      305.3   170.5    86.8   133.2   147.6   279.8   340.5   377.3   405.0   438.5   486.3   568.5   798.7  1630.5  3632.3  53260.1    53226
read      308.4   156.5    86.8   139.5   155.5   291.6   345.8   377.1   400.2   427.9   464.7   530.0   704.4  1714.5  4008.5  38589.3    38560
read      446.3   613.9    86.8   147.2   167.2   306.9   374.2   419.6   459.7   521.6   628.7  1219.0  3444.1  7113.5  8774.5 103391.7   103465
read      307.3   257.5    80.4   138.9   154.0   261.3   317.3   349.0   373.3   403.7   451.7   568.1  1303.7  3349.6  7505.3 104922.7   104758
read      280.4   175.2    80.4   134.3   148.3   248.0   304.7   335.0   357.2   384.2   421.7   501.7   883.2  1970.2  4341.4  94842.5    94759
read      287.3   122.2    86.8   142.7   158.4   281.9   324.0   345.6   362.7   382.2   408.0   456.4   617.1  1292.3  3219.4  37800.3    37799
read      272.8   138.7    93.8   172.5   190.5   259.1   285.3   299.7   311.6   324.8   344.2   380.4   668.6  1441.0  5796.8   8279.4     8296
read      451.8   674.1    86.8   134.5   149.9   286.4   355.0   401.7   442.7   504.0   632.8  1532.0  3681.1  7364.5  8253.1  69401.3    69443
read      279.6   121.8    93.8   167.4   188.8   270.5   299.2   315.5   327.6   342.1   363.0   396.6   535.8  1385.3  4280.9  12525.3    12517
read      346.3   201.4    80.4   138.3   156.3   318.1   398.6   440.0   468.8   503.9   546.7   614.3   878.2  2063.7  4640.3  43663.6    43591
read      313.0   138.5    93.8   155.5   177.3   301.8   347.1   372.3   390.3   410.3   435.2   480.9   688.2  1497.1  3511.1  20472.2    20430
read      462.4   675.5    86.8   143.5   162.0   295.5   360.9   401.9   438.6   498.9   624.0  1625.2  3687.5  7326.3  8598.1  93686.1    93758
read      257.3   118.9   101.3   169.3   187.6   251.2   273.5   286.3   294.6   305.8   318.6   342.3   412.7  1312.7  5322.3  10468.7    10485
read      303.5   157.1    93.8   160.3   182.9   291.1   329.2   349.9   365.6   384.2   407.7   450.5   727.3  1588.6  6918.0  16542.0    16518
read      395.3   593.7    86.8   137.9   152.9   271.9   331.2   365.3   392.6   430.4   506.3   920.7  3289.7  7241.0  9359.9  83207.9    83230
read      245.9   115.6   101.3   170.7   184.7   237.1   257.5   269.1   276.9   288.3   301.5   324.1   405.2  1279.5  3899.8   5518.7     5484
read      340.5   260.9    86.8   137.0   152.0   289.1   358.0   402.6   438.1   485.2   550.6   679.4  1337.8  2927.5  7243.5  55503.3    55611
read      311.6   157.7    93.8   158.5   180.0   293.1   335.3   360.3   378.8   401.6   433.2   493.4   830.0  1854.8  4257.9  20760.4    20774
read      436.3   602.2    86.8   143.5   162.0   296.1   363.1   406.6   446.4   505.8   607.2  1322.5  3447.8  6567.1  8115.6  96644.7    96726
read      284.0   123.7    86.8   146.1   162.3   278.9   316.3   336.6   351.1   369.7   395.1   436.1   578.9  1332.1  4034.4  32403.2    32442
read      342.6   319.3    86.8   135.8   150.5   273.3   341.9   390.4   432.3   490.7   570.6   714.1  1631.9  3756.7  7784.9  73167.4    73039
read      344.1   326.4    86.8   135.5   149.9   271.9   341.4   390.0   431.6   489.2   570.0   720.7  1688.2  3903.5  7770.8  74055.3    74055
read      303.7   169.8    86.8   136.4   150.5   279.0   336.2   370.2   396.5   428.5   470.9   548.4   842.6  1792.2  3811.5  51265.7    51197
read      306.9   194.1    86.8   134.3   148.2   273.1   334.1   371.1   400.2   436.4   489.4   581.7   960.3  2058.1  4543.0  59353.9    59442
read      304.5   156.4    86.8   142.8   159.9   293.3   342.4   370.1   390.4   414.0   445.3   500.1   656.7  1506.0  5861.7  35575.6    35654
read      355.2   478.1    80.4   134.5   149.1   264.7   323.6   357.1   383.1   418.1   479.5   688.4  2819.4  5706.6  8640.9  78742.8    78747
read      278.5   123.4    86.8   135.7   150.1   271.5   314.5   337.1   353.6   373.7   402.0   453.3   623.7  1313.4  2629.4  42186.7    42212
read      297.3   162.1    86.8   132.0   145.9   274.7   331.4   365.2   390.9   422.1   463.8   541.9   794.7  1671.5  3204.0  52472.3    52488
read      311.6   193.1    80.4   140.1   156.7   293.2   346.0   377.5   400.3   428.9   467.0   534.3   710.8  1888.0  8207.0  36888.5    36950
read      325.5   183.5    93.8   163.8   188.1   304.4   348.3   372.8   391.7   413.9   444.5   507.5   977.1  1822.2  7077.7  16761.3    16762
read      421.1   625.4    86.8   136.8   152.0   277.1   340.1   378.0   408.9   456.1   552.2  1412.7  3456.3  7026.3  8115.1  79449.5    79473
read      289.0   173.9    86.8   133.4   146.8   262.0   318.5   348.3   371.3   399.7   440.2   529.5   830.4  2059.5  3747.6  61391.5    61431
read      303.1   263.3    80.4   134.2   148.1   251.3   309.6   341.8   366.7   397.6   446.1   596.2  1412.1  3112.4  7391.6  87202.9    87172
read      335.7   330.6    86.8   144.1   161.0   274.7   332.6   367.0   393.9   428.8   484.4   615.9  1844.0  3655.5  7916.7 108197.1   108181
read      278.1   162.5    86.8   133.6   147.1   249.4   307.0   336.9   358.9   385.3   421.1   496.2   798.9  1779.1  4200.8  80572.3    80515
read      292.8   134.8    86.8   143.8   159.4   283.5   327.1   350.7   368.7   391.0   420.6   471.6   653.8  1580.5  2553.6  37138.2    37149
read      324.7   195.5   101.3   171.6   196.0   298.1   337.5   360.7   377.7   399.4   430.8   509.3  1077.9  2011.5  7407.1  13442.5    13444
read      468.5   717.4    86.8   138.2   153.6   284.6   349.6   391.1   425.9   481.4   616.2  1810.7  3804.2  7540.6  8402.6  71938.7    72057
read      271.5   148.2    86.8   131.8   144.6   249.6   306.1   334.1   353.9   377.3   407.4   463.6   702.1  1638.1  3849.7  70022.8    70041
read      283.4   193.3    86.8   133.8   147.4   246.9   303.6   334.3   356.7   384.1   422.2   506.5  1026.4  2252.9  4199.2  90228.3    90162
read      290.5   154.1    80.4   135.9   149.6   271.8   324.4   352.9   373.7   400.2   437.0   513.2   757.6  1711.4  2790.0  52137.3    52082
read      325.9   184.1    93.8   159.4   180.5   303.6   351.1   379.1   399.7   425.5   461.1   531.5   892.6  2199.6  6189.5  24270.1    24258
read      413.6   614.8    86.8   137.3   152.2   276.3   336.9   372.3   400.8   442.0   529.5  1330.3  3454.1  6500.6  8120.5  72073.2    72013
read      293.6   175.7    86.8   134.2   147.8   267.1   323.1   354.2   377.8   407.6   452.7   539.4   845.2  2043.8  4172.6  57911.1    58012
read      306.5   174.3    86.8   139.2   153.6   283.4   338.9   371.8   396.8   427.2   467.9   543.7   809.5  1946.6  4031.7  45363.8    45398
read      311.8   194.3    86.8   137.3   151.4   282.0   340.7   376.4   403.7   436.8   485.0   571.8   940.2  2202.1  4069.1  50136.5    50177
read      328.7   185.4    86.8   145.3   163.1   301.9   360.7   395.4   421.4   453.8   500.1   578.1   957.8  1960.5  4483.1  34538.0    34504
read      392.8   498.0    86.8   136.3   150.8   281.7   353.4   403.5   446.6   505.0   591.6   877.8  2865.5  5452.3  8100.8  65971.8    66010
read      352.9   340.4    86.8   136.5   150.7   273.0   344.4   396.5   443.3   509.5   598.3   766.2  1781.8  3956.2  7814.6  73938.1    73937
read      317.4   212.1    86.8   136.2   150.4   280.2   342.5   382.1   412.6   451.5   505.9   601.2  1060.4  2296.6  5069.6  55002.7    55020
read      314.2   206.6    86.8   136.9   150.7   279.4   340.7   378.5   407.6   444.4   497.0   587.6  1021.9  2276.3  5894.2  53195.7    53235
read      324.0   325.8    86.8   139.0   153.7   261.4   318.6   351.6   376.9   409.7   462.6   621.4  1751.5  3682.2  7756.3  97719.5    97743
read      248.3   164.0   101.3   171.6   185.3   238.0   258.0   269.1   276.5   287.5   299.4   320.8   396.1  1905.9  7831.5   5374.4     5419
read      288.0   107.8    93.8   163.3   186.6   282.8   314.3   331.8   343.8   359.7   378.8   410.6   531.3  1224.4  3754.0  14704.8    14764
read      264.7   110.3    93.8   173.9   191.0   256.6   280.7   293.9   304.2   316.0   332.7   360.4   471.7  1244.5  4688.6   7448.1     7451
read      345.2   178.8    80.4   138.8   157.0   318.4   399.6   442.9   473.6   511.5   556.8   627.6   803.7  1639.5  3763.1  48131.3    48208
read      290.7   109.1    93.8   159.4   182.6   285.4   318.6   337.3   350.3   366.7   388.0   422.5   547.1  1273.1  3224.1  16156.6    16149
read      441.5   673.7    86.8   137.7   153.1   277.7   338.3   374.0   403.3   448.7   557.3  1616.0  3680.4  7276.9  8178.5  78992.4    78989
read      271.4    91.7    93.8   160.2   179.4   270.0   297.8   312.9   322.8   336.6   352.9   379.5   443.0  1006.1  3144.5  18929.4    18886
read      303.7   203.4    80.4   131.5   144.8   259.3   324.2   364.9   398.4   443.3   508.0   615.9  1000.3  2158.8  4429.5  75935.9    75954
read      302.7   140.4    86.8   136.2   151.5   288.4   345.5   378.8   402.0   430.7   468.2   531.9   662.2  1135.6  2794.8  44404.3    44409
read      313.7   411.1    93.8   163.3   186.5   296.4   335.2   357.3   373.1   393.2   419.7   468.0   835.5  1769.6  7208.7  16419.3    16431
read      447.3   655.5    86.8   139.9   156.5   285.2   351.1   393.5   429.5   486.7   612.2  1601.6  3562.1  7392.9  9758.3  85672.0    85707
read      287.9   165.2    86.8   134.0   147.7   266.1   320.1   348.2   370.0   396.8   433.8   511.5   784.4  1925.0  3914.6  58328.3    58253
read      358.3   415.0    86.8   142.4   159.3   276.7   336.9   373.2   402.5   443.8   513.9   702.4  2432.0  4700.6  8031.5 103921.7   103867
read      281.4   115.0    86.8   157.4   176.2   276.8   307.7   323.8   336.8   351.5   371.9   405.1   522.9  1451.7  3173.2  21632.8    21604
read      315.5   334.5    80.4   134.6   148.7   254.4   313.5   345.9   371.6   403.8   459.5   618.9  1645.0  4212.0  8053.3  90409.7    90401
read      265.8   133.9    80.4   130.5   143.2   240.3   297.7   327.2   347.6   372.8   405.4   467.2   705.7  1320.9  2535.9  84447.2    84467
read      283.4   183.2    80.4   135.1   149.2   248.5   303.9   334.2   356.6   384.3   423.1   509.3   971.7  2093.5  4571.2  99716.1    99700
read      279.9   117.2    86.8   147.0   163.1   277.6   314.8   334.2   347.1   364.9   387.2   423.0   528.3  1136.4  3882.6  32088.9    32052
read      270.7    91.0    86.8   160.1   179.2   270.0   297.1   312.1   321.6   335.2   350.3   375.8   435.9   919.6  3870.4  18223.7    18173
read      281.7   143.5    80.4   130.6   143.7   258.9   317.3   349.3   374.2   404.6   447.0   518.9   690.2  1362.0  2681.9  67851.7    67789
read      275.5   125.4    80.4   132.6   146.3   266.4   317.4   343.5   363.0   385.6   414.3   460.7   581.0   982.4  2793.5  51923.0    51929
read      300.6   204.5    80.4   132.9   146.5   255.7   318.5   357.5   390.7   435.9   505.5   618.7   935.3  2057.1  6245.4  83776.1    83850
read      271.7   106.8    93.8   160.9   179.7   271.1   298.5   313.2   322.8   336.1   351.4   376.4   435.0   857.3  4755.7  18586.1    18614
read      279.0   121.7    86.8   147.9   164.2   279.3   314.4   332.8   345.1   361.4   380.6   410.8   491.4  1043.6  4271.5  29242.6    29315
read      544.1   690.3    80.4   176.5   203.0   343.2   424.2   480.2   529.3   606.7  1112.1  1786.3  3486.9  7529.7  8382.3 108121.3   108090
read      277.3   103.4    86.8   150.4   167.3   277.8   311.7   329.3   341.6   356.8   374.3   403.2   470.7   909.1  3875.3  27005.0    27024
read      276.9   127.6    80.4   134.0   148.0   268.4   318.8   344.6   363.9   385.9   413.2   456.7   568.3   966.5  4201.7  49872.8    49907
read      256.9    91.3   101.3   173.7   190.3   251.8   273.0   285.3   293.5   304.4   317.7   341.1   403.6  1211.9  3533.0   9131.4     9150
read      280.0   110.6    80.4   143.3   159.1   279.4   318.5   338.9   353.2   370.0   392.4   426.5   523.5  1045.8  2857.4  34295.3    34328
read      276.7   134.4    86.8   132.9   146.6   266.6   316.4   342.5   362.0   384.9   414.6   462.9   599.3  1053.8  3916.2  51841.1    51881
read      263.0   137.0    93.8   163.6   183.5   258.1   282.1   294.9   305.1   316.3   332.5   358.8   434.4  1145.8  7021.7  14562.3    14569
read      295.6   176.5    80.4   133.3   147.0   256.4   318.9   357.5   389.9   432.6   496.1   592.9   844.3  1728.1  3693.3  81461.6    81517
read      291.5   171.2    80.4   131.8   145.0   255.1   317.6   354.8   385.2   425.1   482.6   577.8   826.3  1663.1  3466.2  78499.0    78694
read      323.6   241.3    86.8   136.6   151.0   260.2   324.7   368.9   410.0   473.7   571.0   729.2  1243.2  2415.0  5005.0  93413.3    93409
read      276.6   106.3    86.8   139.6   154.2   275.8   318.1   339.8   355.3   372.6   395.8   429.9   518.9   800.0  3000.8  39018.4    39093
read      273.9    95.7    93.8   161.1   180.7   273.6   301.5   316.2   326.9   339.7   356.5   382.5   442.1   900.6  3224.5  18730.3    18729
read      282.8   149.7    80.4   130.4   143.3   256.5   316.6   350.3   376.6   409.5   454.6   529.2   712.6  1455.8  2968.5  70800.7    70818
read      275.0   102.5    93.8   156.9   175.1   275.5   305.9   320.9   332.9   345.0   363.1   389.8   451.0   865.2  3146.5  21859.9    21942
read      314.2   225.6    80.4   134.5   148.8   256.7   320.8   364.0   402.4   461.1   547.6   687.1  1139.7  2270.1  6082.5  91574.5    91810
read      277.8   111.5    80.4   139.4   154.1   276.0   319.5   341.6   357.7   375.4   399.1   434.2   526.5   812.0  3182.8  39670.3    39588
read      278.2   109.3    86.8   139.0   153.6   275.7   320.2   343.1   359.9   378.4   401.6   436.4   536.5   836.7  2222.1  41058.1    40957
read      280.3   136.3    80.4   131.2   144.5   261.8   318.5   349.0   372.5   400.7   436.9   500.8   660.5  1178.7  2983.3  62540.7    62645
read      268.1   102.6    93.8   164.6   184.8   265.6   291.2   305.1   314.8   326.4   341.9   367.7   431.7  1085.0  4013.1  15572.5    15539
read      511.6   636.8    86.8   167.9   192.5   328.1   404.4   459.7   507.8   590.0   986.1  1692.7  3375.8  7217.3  8430.6 107643.7   107672
read      277.5    99.3    86.8   143.9   159.5   278.0   316.2   336.0   349.5   366.4   387.7   420.1   504.1   896.7  2322.7  33011.9    32954
read      279.0   127.8    80.4   131.8   145.3   264.1   318.8   347.9   369.9   395.9   429.6   486.2   630.5  1168.0  2248.6  58888.7    58866
read      273.9    95.5    86.8   152.8   170.2   274.7   305.9   321.3   333.7   346.1   365.2   393.1   459.9   830.9  3683.0  23748.5    23739
read      279.8   126.3    80.4   133.0   146.9   267.7   320.7   348.5   369.3   394.0   425.7   476.2   615.1  1040.3  2917.5  54741.9    54701
read      279.1   133.5    80.4   131.2   144.6   262.6   318.4   348.0   370.5   397.4   432.1   490.9   639.4  1219.1  3096.5  60689.8    60706
read      284.9   153.4    80.4   130.8   143.9   257.4   317.2   351.1   377.8   411.9   459.2   538.1   729.8  1527.1  3198.7  72404.8    72350
read      281.5   137.2    86.8   132.4   146.2   266.4   320.8   350.1   372.0   398.3   432.2   490.7   639.1  1118.4  3455.4  58638.6    58661
read      285.5   104.3    86.8   148.9   165.1   284.4   324.8   345.3   360.8   377.5   399.7   432.7   525.1  1002.1  2406.1  34936.7    34912
read      461.7   546.5    80.4   155.4   176.7   307.4   380.9   435.5   490.0   581.4   822.1  1469.7  3100.1  5442.0  8093.1 103195.9   103268
read      277.6   108.0    80.4   140.5   155.4   276.5   319.3   341.2   356.9   374.0   397.2   431.4   519.0   769.5  2831.2  38734.3    38703
read      296.2   171.9    80.4   132.9   146.6   256.4   318.9   357.8   390.5   434.4   499.6   601.9   859.8  1605.9  3200.9  83336.7    83358
read      277.3   128.3    86.8   131.5   144.9   263.5   318.1   346.6   368.5   394.0   426.4   477.3   607.5  1073.2  3778.7  57497.4    57408
read      319.2   245.8    80.4   135.6   150.0   262.7   327.2   369.5   406.9   462.0   543.4   680.2  1153.1  2859.8  7112.0  86957.1    86837
read      280.7   103.8    86.8   144.7   160.9   280.8   319.4   339.5   353.9   370.5   392.8   425.9   507.3   909.5  3080.9  33649.9    33517
read      285.7   152.5    80.4   132.2   145.6   262.7   320.0   352.3   377.1   408.0   450.7   523.3   711.0  1421.4  4338.1  66244.9    66204
read      296.3   167.3    80.4   134.1   148.1   264.5   324.8   360.8   389.9   427.6   481.8   573.6   808.3  1651.9  3571.4  73662.1    73758
read      396.0   407.6    86.8   146.2   164.2   284.3   352.1   403.6   457.2   545.7   705.6  1071.3  2235.2  3651.6  7969.4  99599.8    99742
read      586.1   748.5    86.8   194.4   222.5   368.4   453.9   511.0   559.3   631.5  1184.9  1983.4  3642.2  7622.9  9889.3 109574.9   109462
read      394.7   415.4    80.4   144.6   162.3   285.8   355.5   407.6   459.4   539.0   678.2  1034.9  2271.9  3853.9  8062.5  94454.5    94453

Total QPS = 55313.3 (99563936 / 1800.0s)

Total connections = 64
Misses = 0 (0.0%)
Skipped TXs = 0 (0.0%)

RX 24592291451 bytes :   13.0 MB/s
TX          0 bytes :    0.0 MB/s
Warning! Detected max cpu usage > 95%
CPU Usage Stats (avg/min/max): 100.00%,50.25%,100.00%
