Random waveform, supplied seed
Total number of intervals = 360 (6927, 52892, 98921, 61129, 40613, 53226, 38560, 103465, 104758, 94759, 37799, 8296, 69443, 12517, 43591, 20430, 93758, 10485, 16518, 83230, 5484, 55611, 20774, 96726, 32442, 73039, 74055, 51197, 59442, 35654, 78747, 42212, 52488, 36950, 16762, 79473, 61431, 87172, 108181, 80515, 37149, 13444, 72057, 70041, 90162, 52082, 24258, 72013, 58012, 45398, 50177, 34504, 66010, 73937, 55020, 53235, 97743, 5419, 14764, 7451, 48208, 16149, 78989, 18886, 75954, 44409, 16431, 85707, 58253, 103867, 21604, 90401, 84467, 99700, 32052, 18173, 67789, 51929, 83850, 18614, 29315, 108090, 27024, 49907, 9150, 34328, 51881, 14569, 81517, 78694, 93409, 39093, 18729, 70818, 21942, 91810, 39588, 40957, 62645, 15539, 107672, 32954, 58866, 23739, 54701, 60706, 72350, 58661, 34912, 103268, 38703, 83358, 57408, 86837, 33517, 66204, 73758, 99742, 109462, 94453, 44096, 100467, 8576, 59359, 7614, 60329, 43762, 67038, 26095, 71173, 109276, 13150, 61250, 84472, 82226, 27671, 98736, 106314, 105027, 96867, 89493, 50538, 22083, 48618, 94298, 63579, 64573, 77178, 29824, 64495, 20917, 85651, 61935, 50216, 72251, 71798, 19701, 24952, 81838, 26648, 24837, 29420, 103882, 70314, 61679, 49557, 19325, 9128, 94933, 24327, 71896, 93771, 20452, 42338, 72627, 80603, 49049, 92305, 56889, 78036, 71583, 72609, 107382, 86530, 16550, 84534, 72631, 49291, 62175, 80213, 16566, 53985, 101949, 24076, 52574, 106271, 105451, 86087, 29108, 101115, 74326, 75832, 94901, 15809, 28874, 51882, 32653, 41676, 63019, 99164, 47055, 62394, 98519, 32122, 49464, 24034, 77363, 91698, 38997, 86028, 83012, 15024, 56640, 97362, 107412, 65030, 79278, 47544, 105368, 58181, 56960, 14849, 63672, 48289, 11797, 10781, 49362, 102119, 46213, 97025, 18351, 21426, 43013, 67376, 36043, 6255, 102499, 26263, 56974, 40869, 46514, 11431, 58600, 68058, 54502, 64022, 52142, 101375, 40606, 47485, 48977, 38615, 80279, 75843, 67095, 41325, 55752, 85561, 14194, 88002, 90515, 109283, 26699, 37400, 19307, 11527, 83787, 22209, 75169, 73833, 94641, 61338, 91825, 77235, 37257, 32057, 108618, 72930, 43714, 87369, 56640, 97360, 79788, 11352, 87962, 40663, 59386, 48302, 19398, 82197, 77387, 72753, 7720, 46279, 42102, 90892, 39976, 61084, 16735, 45909, 28976, 84704, 101822, 92571, 12106, 58568, 51319, 21556, 14191, 29072, 16350, 86891, 104441, 8906, 42175, 51797, 76678, 19630, 100132, 40498, 108559, 23964, 70760, 99567, 107548, 53742, 103931, 60359, 9725, 52014, 40053, 86436, 23983, 66595, 26056, 51764, 40202, 76665, 11133, 80405, 79106, 97258, 36307, 28636, 41620, 75736, 44979, 31478, 37586, 108330)
Average QPS expected = 57436
Timestamp start: 1778009191142
Timestamp end: 1778010991528

#type       avg     std     min      p5     p10     p50     p67     p75     p80     p85     p90     p95     p99    p999   p9999      QPS   target
read      288.5   170.6   109.4   179.6   198.2   267.0   293.4   309.4   320.2   335.9   356.8   398.4  1189.5  1895.4  7213.0   6948.2     6927
read      377.5   286.8    86.8   141.1   159.0   315.9   406.6   466.9   509.4   559.8   624.6   743.9  1399.3  3342.5  7701.1  52502.6    52892
read      459.6   607.9    86.8   154.0   175.8   316.1   389.0   438.5   483.1   546.0   660.9  1183.7  3429.2  7370.1  8684.0  98776.2    98921
read      274.2   125.9    86.8   134.2   148.0   257.9   311.5   338.1   356.9   378.9   409.9   469.1   652.6  1132.4  2749.9  61029.8    61129
read      277.9   102.4    86.8   142.2   157.8   273.2   316.5   338.2   353.6   371.4   395.6   435.5   555.4  1046.6  1996.0  40702.8    40613
read      297.5   184.3    80.4   137.8   151.9   274.0   328.0   356.4   376.9   403.3   447.2   529.6   824.3  2253.3  5029.9  53131.6    53226
read      307.9   156.5    93.8   142.2   158.7   288.8   340.2   369.3   391.8   420.7   462.3   533.6   794.8  1698.7  2527.7  38416.8    38560
read      491.4   576.4    86.8   162.0   188.0   349.6   441.3   506.5   560.4   632.7   758.6  1281.8  3391.3  7083.1 10512.4 103351.0   103465
read      363.9   372.9    86.8   147.6   165.6   290.9   356.0   396.7   431.0   478.5   554.4   711.5  2065.8  4417.0  7954.2 104701.0   104758
read      325.1   293.2    86.8   141.7   157.7   271.1   330.0   363.8   390.0   425.1   482.4   618.3  1518.1  3473.0  7861.8  94607.6    94759
read      280.8   130.9    86.8   143.9   160.0   274.8   315.9   337.1   351.7   369.1   393.5   434.5   555.7  1603.8  3390.9  37861.6    37799
read      259.6    96.4   101.3   174.1   190.8   251.4   273.7   287.4   296.3   310.0   326.8   356.3   453.2  1257.0  4032.1   8262.2     8296
read      329.7   283.5    86.8   131.5   145.7   269.1   336.4   379.7   416.6   466.1   533.0   671.2  1513.3  3202.8  7294.7  69251.8    69443
read      272.9   182.7   101.3   168.1   187.6   261.6   288.1   303.1   314.4   328.2   345.6   379.0   524.6  1380.2  9175.1  12527.2    12517
read      313.5   195.4    93.8   138.9   154.7   286.8   344.0   377.4   402.9   436.8   484.7   562.8   891.4  1943.8  4002.2  43683.4    43591
read      290.6   135.4   101.3   159.1   179.4   278.6   313.6   333.2   346.5   364.7   388.8   433.7   629.7  1571.7  4540.8  20369.2    20430
read      443.9   530.5    86.8   147.9   167.3   307.3   382.0   435.1   488.2   572.6   735.6  1367.8  3062.9  6078.6  8101.7  93753.2    93758
read      263.2    93.9   101.3   174.9   193.5   257.6   280.6   293.5   303.3   315.0   330.6   355.2   424.4  1215.4  3883.6  10493.4    10485
read      276.7    94.0   101.3   167.5   188.8   271.3   299.2   314.7   325.7   339.5   357.9   389.4   491.3  1211.8  2372.8  16469.2    16518
read      401.7   480.5    86.8   141.9   159.0   288.7   360.8   411.1   461.1   533.9   652.6  1002.6  2464.8  6187.7  8693.5  83055.0    83230
read      251.9   130.6   101.3   173.7   188.7   242.5   263.6   274.8   285.0   295.4   311.8   338.4   418.1  1376.5  7330.3   5475.8     5484
read      298.4   171.8    86.8   137.0   151.4   272.2   327.5   357.3   379.4   408.8   457.6   546.8   862.5  1945.4  3642.4  55484.8    55611
read      289.1   101.7    93.8   158.4   178.7   280.9   316.0   335.6   349.2   367.3   391.7   434.7   592.8  1237.3  1962.7  20771.0    20774
read      504.5   597.5    86.8   159.9   183.8   334.0   420.0   485.7   548.0   653.1   919.8  1572.6  3309.3  6446.4  8136.1  96573.0    96726
read      288.0   112.7    93.8   154.0   172.0   282.4   319.5   338.9   352.9   369.7   393.6   435.3   579.0  1304.1  2937.1  32518.8    32442
read      287.2   171.1    86.8   137.9   152.2   259.9   315.8   345.1   367.0   393.3   431.4   508.9   830.4  1806.9  6130.1  73065.0    73039
read      281.2   166.2    86.8   136.4   150.3   256.3   312.5   341.2   362.0   387.0   422.8   494.5   740.1  1718.3  6504.6  73982.6    74055
read      280.1   123.3    93.8   139.5   153.8   270.3   319.6   343.8   361.4   381.5   408.7   462.1   603.4   975.9  3155.9  51184.8    51197
read      276.1   130.7    86.8   135.4   149.4   260.1   313.4   339.7   358.4   380.0   408.9   466.7   641.3  1434.6  2580.4  59586.2    59442
read      283.2   124.7    80.4   145.0   161.9   277.5   316.5   336.5   350.3   368.4   393.3   436.7   598.5  1192.6  3685.9  35612.8    35654
read      292.8   191.8    86.8   136.8   151.2   260.0   316.2   345.7   368.2   395.9   438.1   539.1   957.9  2087.1  4437.5  78803.2    78747
read      282.8   124.7    86.8   141.6   157.4   275.0   318.7   340.8   357.0   375.4   401.9   455.8   619.9  1221.8  2468.3  42209.6    42212
read      288.7   170.8    86.8   137.7   152.2   269.8   321.0   346.9   366.2   389.8   424.2   495.0   729.7  2057.6  5696.2  52460.8    52488
read      301.5   151.3    86.8   140.2   156.4   283.1   333.1   361.0   381.7   407.0   447.7   519.1   804.3  1548.6  2955.4  37034.2    36950
read      283.2   104.7   101.3   162.7   183.8   273.6   305.6   323.1   336.5   351.6   372.8   413.1   581.0  1429.9  1868.8  16695.4    16762
read      398.4   442.9    86.8   141.8   159.1   290.6   362.6   413.5   463.7   541.0   667.8   971.4  2396.7  5038.3  8030.1  79464.8    79473
read      274.6   122.9    86.8   135.0   148.8   258.7   313.2   340.2   359.3   381.2   410.6   467.5   630.2  1198.6  2180.4  61320.4    61431
read      307.1   249.7    86.8   138.7   153.5   261.8   319.7   351.9   375.6   406.4   457.4   574.9  1246.9  3158.0  7500.8  87142.0    87172
read      423.1   469.6    86.8   153.9   175.9   321.2   401.2   457.9   504.2   564.9   655.9   869.3  2996.3  5588.4  8259.4 107963.4   108181
read      286.4   171.2    86.8   135.5   149.6   254.5   311.7   342.0   364.3   391.8   432.8   523.7   903.5  1938.8  3286.9  80306.6    80515
read      278.8   114.3    93.8   144.7   160.8   274.5   316.0   337.1   351.6   369.0   392.2   430.2   535.1   919.0  3285.3  37177.6    37149
read      275.8   107.8    93.8   171.0   191.7   267.7   294.2   309.9   320.2   335.0   352.8   385.4   507.2  1404.5  4872.8  13443.0    13444
read      342.0   308.6    86.8   139.9   155.4   279.2   342.4   380.9   414.0   464.8   548.9   719.4  1557.3  3666.3  7975.8  72049.2    72057
read      276.2   147.0    86.8   133.1   146.6   252.8   308.7   337.2   357.6   382.1   417.5   487.8   739.8  1542.4  3717.0  70276.4    70041
read      313.0   237.8    86.8   140.7   156.3   268.2   326.4   359.2   384.1   417.3   470.7   593.7  1263.0  2808.2  6929.8  90186.6    90162
read      273.9   115.5    86.8   136.5   150.4   264.4   314.6   339.3   356.7   376.1   402.6   452.2   574.4   883.9  2825.6  52032.4    52082
read      282.9   104.7    86.8   156.3   175.8   278.5   312.3   330.6   343.1   359.5   379.9   418.1   521.2  1219.4  2524.3  24184.4    24258
read      357.1   350.5    86.8   135.2   150.4   278.5   350.8   402.1   448.9   507.4   590.3   785.0  1766.3  3889.4  8092.2  71949.0    72013
read      321.8   205.0    86.8   135.2   150.0   281.8   346.4   387.6   421.1   465.3   525.9   630.8  1083.7  2121.6  4233.8  58061.6    58012
read      308.0   171.4    86.8   136.8   152.1   283.1   339.4   371.4   396.4   429.4   474.3   552.8   855.1  1926.8  3325.1  45376.8    45398
read      315.1   222.1    86.8   136.4   151.4   283.9   344.5   380.7   408.7   446.6   496.6   580.4   885.2  2260.7  8263.8  50043.0    50177
read      298.5   160.7    86.8   142.1   158.9   282.8   331.2   357.7   376.4   400.3   434.5   496.8   716.6  1597.3  4065.3  34460.6    34504
read      345.8   305.0    86.8   134.8   149.6   279.4   349.3   396.8   438.5   493.5   569.3   734.9  1562.8  3572.5  7650.0  66044.8    66010
read      343.6   326.7    80.4   135.2   150.5   272.6   338.3   379.4   416.2   470.2   556.8   745.3  1748.4  3589.4  7832.1  73912.4    73937
read      280.2   126.2    86.8   137.4   151.7   267.0   318.9   344.8   363.3   385.0   414.8   471.1   631.4  1184.2  2252.8  54986.2    55020
read      279.3   126.8    86.8   136.5   150.9   266.7   317.6   342.9   361.1   382.2   411.4   468.3   624.9  1363.2  2778.9  53364.2    53235
read      352.3   321.9    86.8   146.8   164.7   289.0   352.1   391.1   423.4   468.0   539.9   691.7  1729.4  3666.4  7831.7  97558.2    97743
read      260.9   119.1   101.3   174.1   190.0   249.8   272.8   287.3   296.9   310.9   328.5   362.2   492.2  1328.6  5393.2   5424.6     5419
read      277.5   107.1    93.8   170.9   192.3   271.9   299.1   314.4   325.2   338.7   356.5   387.3   478.1  1190.1  4017.8  14714.2    14764
read      262.7   112.6    93.8   173.9   190.3   252.1   274.9   289.4   299.2   312.7   329.9   360.0   498.5  1326.9  4492.7   7457.6     7451
read      314.7   179.2    80.4   137.0   152.3   285.1   344.8   381.3   409.6   447.8   498.4   583.1   907.4  1921.0  3434.0  48142.2    48208
read      289.6   122.2    93.8   164.7   187.5   277.2   310.1   328.1   341.3   358.8   382.8   430.4   631.6  1461.4  4049.3  16148.0    16149
read      366.6   368.9    86.8   141.8   158.5   283.9   349.0   392.2   430.9   492.1   594.1   812.8  2059.4  4112.1  7870.4  78615.2    78989
read      274.7   103.8   101.3   160.4   180.8   268.0   296.8   313.5   325.2   340.2   361.4   398.8   528.9  1018.0  2545.1  18872.8    18886
read      279.6   157.0    86.8   134.2   148.2   252.7   308.5   337.3   358.4   384.2   421.6   500.5   795.9  1787.3  3125.8  75998.6    75954
read      281.6   137.2    86.8   139.9   154.8   271.5   315.8   338.3   354.4   372.9   400.4   457.7   638.5  1480.9  3307.1  44522.4    44409
read      279.6   132.9    93.8   162.6   185.0   267.0   295.2   312.1   324.0   340.2   363.9   413.0   633.1  1380.9  4358.8  16473.4    16431
read      410.7   434.6    86.8   145.4   163.9   299.0   373.9   431.1   486.1   567.1   700.1  1029.0  2434.5  4189.5  8040.7  85786.0    85707
read      285.6   147.9    86.8   136.8   151.1   266.5   318.4   344.6   364.1   387.6   422.1   499.2   748.8  1680.0  3166.2  58271.4    58253
read      423.1   402.1    86.8   157.5   180.1   330.6   413.6   471.7   521.5   587.0   688.2   920.6  2205.8  4331.8  8103.5 103940.2   103867
read      277.3    99.0    93.8   155.8   176.2   271.0   301.3   317.9   331.1   345.5   368.2   408.4   545.8  1037.4  3170.7  21700.0    21604
read      319.0   271.0    86.8   140.7   156.4   269.7   327.6   361.3   387.8   424.1   484.0   619.3  1273.4  3357.4  7806.4  90632.8    90401
read      313.8   266.3    86.8   139.0   154.1   265.7   323.5   356.3   381.5   416.4   475.0   615.1  1260.7  3407.2  7908.8  84457.4    84467
read      357.4   278.7    86.8   152.6   172.0   298.7   362.7   402.5   437.2   485.4   557.0   718.2  1538.3  3082.3  7481.6  99678.6    99700
read      277.8   102.5    93.8   148.6   165.2   275.6   312.0   331.0   343.8   360.6   381.6   419.6   520.4   763.3  3361.5  31998.8    32052
read      274.3   104.6    93.8   161.1   182.1   268.8   296.9   313.4   324.8   339.5   359.3   393.2   497.8  1142.7  3990.8  18144.6    18173
read      322.0   201.5    86.8   137.9   152.7   278.1   341.2   382.4   420.0   471.8   541.4   652.6  1031.8  1996.0  3154.0  67708.4    67789
read      312.1   170.3    86.8   139.9   155.6   286.6   342.9   376.2   403.1   440.5   491.7   575.4   829.3  1777.6  4184.0  51930.0    51929
read      438.4   420.8    93.8   153.2   173.9   319.3   399.9   464.5   529.6   629.3   808.6  1185.6  2232.2  3882.6  7948.5  83719.0    83850
read      282.2   128.6   101.3   162.6   184.3   271.3   300.3   316.6   329.3   343.9   367.0   413.4   608.9  1684.4  4379.7  18651.0    18614
read      284.7   122.9    86.8   150.9   168.5   278.7   314.5   333.8   346.7   365.5   390.2   436.2   583.9  1056.2  4096.0  29401.2    29315
read      602.9   631.7    93.8   208.4   241.6   425.5   528.8   598.6   663.9   770.6  1058.8  1759.5  3513.8  7091.9  8105.9 108294.4   108090
read      281.2   114.7    86.8   152.0   170.0   275.2   310.2   329.0   342.2   359.5   382.5   427.7   559.8  1179.6  3747.2  27141.6    27024
read      290.6   139.5    86.8   138.9   153.7   274.5   324.1   350.4   370.1   395.3   433.1   506.9   720.7  1432.2  2484.4  49710.8    49907
read      262.0   102.7    86.8   171.7   189.7   253.1   276.1   289.9   299.3   312.9   330.3   360.7   479.1  1280.0  3916.0   9220.8     9150
read      311.8   164.6    86.8   145.5   163.8   295.2   344.5   372.8   394.6   422.7   462.4   527.5   717.8  1681.4  5121.1  34210.2    34328
read      353.8   236.8    86.8   143.6   161.4   305.6   376.9   424.6   462.5   508.2   573.9   690.7  1278.0  2290.3  5933.7  51762.0    51881
read      278.9   107.0    93.8   172.3   193.5   271.7   298.8   314.5   325.7   339.7   358.9   391.5   502.3  1281.1  4053.5  14600.8    14569
read      330.9   270.3    86.8   140.8   156.5   272.7   334.6   371.8   402.9   451.5   531.1   703.5  1390.0  3066.8  7366.5  81556.8    81517
read      289.0   190.4    86.8   136.8   150.8   256.6   313.2   343.3   365.7   393.0   433.0   524.8   896.4  2289.9  4304.3  78572.8    78694
read      322.4   224.2    86.8   146.5   163.2   278.4   337.1   370.7   397.2   432.8   489.6   617.4  1234.8  2499.1  4523.7  93126.4    93409
read      281.3   115.5    93.8   144.4   160.3   276.3   318.4   340.3   355.9   373.0   398.3   441.7   555.5  1049.1  3267.7  39175.4    39093
read      278.8    81.5   101.3   164.3   185.7   274.8   304.8   320.5   333.1   345.8   366.6   398.5   492.4   872.5  1928.7  18865.2    18729
read      337.9   229.2    86.8   140.5   156.6   285.2   352.9   398.9   442.6   499.4   577.3   706.3  1184.3  2269.3  5112.1  70892.4    70818
read      291.7   123.0    93.8   160.3   180.2   285.2   320.8   340.1   354.0   370.3   393.7   432.8   542.9  1350.3  4903.5  21937.8    21942
read      496.0   586.3    86.8   155.0   178.4   335.2   421.7   485.5   544.9   642.7   850.8  1571.7  3362.6  6734.7  8117.8  91777.8    91810
read      282.1   117.6    86.8   143.9   159.8   276.1   318.2   339.8   355.3   372.7   398.1   445.7   588.3  1069.3  3827.4  39716.0    39588
read      292.5   126.8    93.8   144.3   160.3   283.4   329.6   353.5   370.7   393.4   426.0   484.6   627.7  1178.5  3283.1  40877.6    40957
read      310.7   185.1    86.8   136.4   150.8   275.3   337.4   374.9   405.8   450.5   507.0   600.0   934.1  1922.0  3181.1  62695.8    62645
read      285.7   109.7    93.8   171.1   192.6   278.9   309.0   325.5   337.8   351.9   371.3   403.8   504.9  1247.1  4218.1  15502.4    15539
read      568.0   562.9    86.8   203.9   237.1   420.4   521.9   592.3   657.8   754.4   924.1  1557.5  3305.8  6470.3  8129.7 107573.8   107672
read      281.3   108.8    93.8   148.5   165.4   277.1   315.2   335.2   348.7   366.3   389.0   427.7   546.3  1075.8  2950.5  32957.8    32954
read      281.4   142.1    80.4   137.1   151.2   264.6   318.5   345.3   365.3   388.9   421.8   483.1   661.8  1279.2  2532.7  58880.4    58866
read      278.2   104.8    93.8   157.6   176.8   275.0   307.4   324.2   336.8   350.8   370.7   403.0   495.5   833.3  3614.1  23815.0    23739
read      293.3   142.9    86.8   136.6   151.0   273.2   328.6   358.3   380.4   409.3   454.2   532.1   745.8  1416.5  2396.4  54527.2    54701
read      308.1   184.5    86.8   136.1   150.5   276.1   336.9   373.0   402.5   443.4   497.5   585.2   859.0  1957.9  4048.8  60873.6    60706
read      330.1   226.5    86.8   137.9   153.0   278.0   344.6   389.3   429.1   483.7   556.7   685.6  1211.9  2275.4  4557.5  72357.2    72350
read      300.4   153.6    86.8   135.0   149.6   274.4   334.3   369.1   396.5   433.0   483.6   560.7   781.6  1489.8  2511.2  58597.2    58661
read      295.6   135.4    93.8   145.6   162.4   286.1   332.0   357.1   374.6   397.5   428.9   479.6   605.3  1397.6  2959.5  34900.4    34912
read      618.8   677.8    93.8   211.0   245.5   430.4   537.2   609.4   672.0   770.6  1012.3  1831.1  3646.0  7535.1  9239.1 103282.6   103268
read      285.5   121.7    93.8   145.4   161.4   277.1   320.6   342.6   359.0   377.6   403.5   455.9   614.1  1244.2  3216.4  38790.0    38703
read      295.5   205.6    86.8   137.3   151.4   257.8   315.2   346.2   369.8   398.7   444.7   545.4  1027.1  2498.7  5050.5  83447.6    83358
read      276.2   119.7    86.8   136.8   150.3   261.9   314.6   340.7   359.3   380.8   409.9   466.7   632.7  1140.0  2026.5  57402.6    57408
read      297.7   208.5    86.8   138.4   152.8   258.7   315.7   346.8   370.5   400.1   448.5   560.5  1039.5  2442.7  5283.5  86731.6    86837
read      282.1   103.0    93.8   150.2   166.7   279.5   318.1   338.0   351.8   368.3   390.7   429.0   530.3   816.1  3514.6  33487.4    33517
read      276.0   135.9    86.8   134.4   148.1   255.2   310.2   338.2   358.3   382.1   415.4   480.3   697.7  1440.2  3105.1  66367.6    66204
read      285.7   164.4    86.8   136.9   150.7   257.8   314.3   343.5   365.3   392.0   431.3   518.1   829.3  1663.6  4235.2  73937.4    73758
read      367.5   323.6    86.8   150.7   169.9   299.8   366.8   409.8   447.6   498.0   575.7   740.8  1773.1  3506.5  7821.7  99611.4    99742
read      437.5   390.1    86.8   163.1   188.4   351.1   444.7   507.3   557.7   622.5   716.5   907.2  2035.3  4374.3  8130.0 109507.8   109462
read      333.3   259.3    86.8   144.2   161.5   279.8   340.5   376.6   405.2   448.8   518.5   676.8  1363.0  2873.9  7000.6  94385.0    94453
read      278.0   108.0    86.8   141.4   156.2   272.5   317.1   339.2   355.0   373.1   399.1   446.8   567.4   837.8  1996.7  44259.2    44096
read      357.2   295.7    86.8   149.1   167.5   295.5   360.6   401.2   435.7   483.0   554.7   721.2  1605.8  3349.4  7572.8 100426.6   100467
read      260.9    95.2   109.4   177.8   194.5   255.8   277.6   290.8   300.0   312.3   327.4   352.6   421.0   798.0  2147.6   8562.8     8576
read      278.7   141.8    86.8   136.3   150.0   261.4   315.4   342.3   361.8   384.7   416.4   474.9   657.9  1417.9  4034.4  59235.0    59359
read      259.3    80.7   101.3   179.0   195.4   253.5   274.6   287.9   296.5   309.2   323.3   347.5   409.1  1114.3  3039.3   7611.2     7614
read      302.8   172.6    86.8   136.2   150.6   273.2   332.0   365.6   392.4   429.6   484.2   571.1   852.9  1858.9  3580.3  60225.6    60329
read      293.8   129.2    86.8   139.2   154.5   281.0   333.1   361.2   382.2   408.4   446.9   504.7   635.0  1202.2  2659.5  43784.2    43762
read      318.6   217.0    86.8   135.8   150.4   273.2   338.0   378.7   413.6   462.3   526.5   634.8  1086.4  2402.7  4612.6  67104.6    67038
read      291.4   111.3    93.8   152.9   172.1   285.2   323.2   343.4   359.1   376.4   400.9   446.3   576.6  1208.8  2172.4  26017.4    26095
read      353.5   272.2    86.8   141.8   158.2   291.3   360.9   407.9   451.9   507.1   590.0   757.9  1430.6  2841.2  7192.0  70965.8    71173
read      473.1   470.0    93.8   169.0   197.3   368.6   467.2   530.9   581.2   647.5   752.5   986.0  2667.3  5652.7  9637.0 109307.0   109276
read      271.7    89.9    93.8   170.7   191.9   265.1   291.3   306.5   317.2   331.2   347.3   379.2   482.3  1241.6  2640.2  13275.2    13150
read      289.9   151.9    86.8   138.2   152.4   268.5   323.4   351.2   371.3   396.4   432.8   508.9   778.2  1759.6  2827.8  61259.4    61250
read      310.6   231.6    86.8   139.9   155.1   266.2   324.9   357.9   382.9   416.6   471.2   604.8  1181.9  2749.0  6197.8  84303.4    84472
read      288.2   164.7    86.8   137.0   151.4   258.3   314.9   345.1   368.1   396.2   438.5   530.7   839.1  1796.4  3369.5  82189.6    82226
read      281.1    91.8    93.8   153.3   171.4   279.1   313.7   332.4   344.9   361.7   382.4   418.0   511.5   776.6  2392.6  27644.6    27671
read      331.7   277.3    86.8   143.3   160.2   277.0   337.2   372.2   400.2   439.9   505.1   649.5  1487.8  3304.1  7292.9  98669.6    98736
read      371.9   328.7    86.8   149.2   168.2   299.9   370.3   417.7   457.9   512.0   595.8   777.1  1778.2  3543.1  7838.2 105908.4   106314
read      364.9   304.1    86.8   149.4   168.5   299.1   367.7   412.4   451.1   503.0   581.8   747.6  1632.5  3385.2  7770.4 105183.0   105027
read      316.9   228.6    86.8   141.3   157.3   270.1   329.2   363.4   390.2   426.9   486.9   624.6  1268.2  2549.5  5065.7  97001.8    96867
read      294.8   188.5    86.8   138.0   152.4   259.2   316.3   347.4   371.0   400.5   448.5   551.7   964.3  2015.6  4858.7  89349.8    89493
read      277.5   118.0    86.8   137.5   151.7   267.6   316.7   341.5   359.4   379.9   407.6   460.5   596.3   982.6  2801.4  50633.8    50538
read      279.3    91.7    86.8   158.2   177.9   275.9   308.1   325.3   338.0   352.7   372.2   404.2   499.8   957.9  3104.5  22132.2    22083
read      299.9   154.4    86.8   137.0   152.1   280.9   336.8   368.1   392.4   423.8   466.5   534.7   706.0  1365.5  4603.0  48457.2    48618
read      487.1   582.7    86.8   153.3   175.9   331.4   415.0   474.3   529.0   612.6   791.2  1596.3  3327.8  6562.3  8080.3  94311.0    94298
read      276.7   136.5    86.8   134.2   148.0   257.5   312.2   339.7   359.5   382.7   415.4   479.6   688.6  1362.3  2860.3  63560.2    63579
read      277.8   134.6    80.4   134.5   148.3   258.1   313.7   341.7   362.0   385.8   419.2   484.5   695.0  1379.8  2329.4  64321.6    64573
read      286.6   183.5    86.8   135.6   149.6   254.6   312.0   342.1   364.3   391.5   431.6   518.6   876.8  2086.2  4841.8  77166.8    77178
read      284.0    99.3    93.8   153.7   172.0   280.1   316.1   335.3   348.3   365.9   388.7   428.6   544.0   985.8  2634.4  29991.0    29824
read      286.2   154.5    86.8   138.5   153.1   265.1   318.9   346.7   367.5   392.4   427.8   501.4   734.9  1519.1  3227.3  64363.0    64495
read      283.7    88.5    93.8   165.3   185.9   279.7   310.7   327.6   339.6   354.3   373.1   407.8   509.7   845.2  3142.3  21002.0    20917
read      302.4   204.7    86.8   139.6   154.5   263.0   320.5   352.5   375.9   405.6   456.1   570.3  1104.0  2340.1  4058.6  85643.0    85651
read      293.7   203.2    80.4   137.8   152.0   266.8   321.3   349.4   370.2   395.5   433.1   521.4   845.0  2371.3  7769.0  61962.4    61935
read      277.5   119.9    86.8   138.4   152.3   267.0   316.3   340.5   358.2   378.4   404.9   459.1   610.8  1033.3  2731.2  50271.0    50216
read      282.9   162.8    86.8   135.6   149.4   255.8   312.3   341.9   363.5   389.6   427.4   505.0   796.8  1801.7  3663.5  72289.0    72251
read      289.7   189.4    86.8   136.8   150.7   258.5   314.7   344.4   366.5   393.4   433.3   524.1   896.7  2033.4  6292.8  71736.0    71798
read      278.4    95.0   101.3   163.9   184.8   275.2   305.2   320.6   333.1   345.7   365.7   396.1   476.5   708.1  4113.4  19690.4    19701
read      285.9   102.4    93.8   155.0   174.6   280.8   315.2   334.1   346.7   364.8   388.3   430.2   559.8  1052.6  3277.8  24942.0    24952
read      365.4   347.3    86.8   141.4   157.9   283.2   350.3   394.0   433.0   493.4   600.3   865.4  1834.7  3711.5  7737.3  81977.4    81838
read      282.3    95.3    93.8   155.4   173.8   279.8   315.1   333.7   346.0   362.8   383.5   419.3   517.3   753.3  3041.5  26777.8    26648
read      288.2   104.3    86.8   157.1   176.4   283.3   319.1   338.4   352.1   368.6   391.5   430.1   541.7  1244.8  2698.3  24836.8    24837
read      301.9   175.2    93.8   149.5   167.5   289.9   332.0   354.8   371.2   393.1   423.9   481.1   680.5  1599.6  6251.3  29396.2    29420
read      623.5   592.3    93.8   231.2   268.1   467.0   582.7   656.7   720.1   813.9  1018.4  1679.8  3382.3  7105.4  8751.1 103611.6   103882
read      293.6   184.8    86.8   137.4   151.6   262.9   319.6   349.7   371.5   398.9   441.2   536.4   895.9  2279.7  4272.7  70296.2    70314
read      282.1   157.8    86.8   136.3   150.1   261.3   315.6   342.8   362.7   386.4   420.3   488.2   723.5  1695.2  5442.7  61538.8    61679
read      281.2   125.4    86.8   139.2   153.5   269.1   318.3   342.8   360.8   381.7   410.4   467.2   646.6  1278.3  2400.0  49488.8    49557
read      287.4    99.7    93.8   165.7   186.6   282.4   314.6   332.1   344.0   360.5   380.8   417.6   521.0  1067.9  2737.3  19317.0    19325
read      272.3   119.4   101.3   175.5   193.9   263.3   288.0   301.8   312.7   325.0   341.7   370.8   491.9  1717.9  4036.9   9150.8     9128
read      747.6   890.1    93.8   212.8   245.3   428.2   564.6   674.7   802.5  1326.6  1737.2  2726.2  4265.2  7850.2  9646.6  94659.8    94933
read      289.4   182.3    93.8   155.6   174.2   275.9   310.6   329.4   342.7   360.3   383.9   432.0   670.1  2509.4  7586.7  24327.8    24327
read      289.8   181.1    86.8   136.7   150.9   259.7   316.1   345.7   368.1   395.4   435.8   525.0   863.1  2271.2  4241.1  71754.0    71896
read      331.0   285.0    86.8   142.6   159.3   274.8   335.3   370.2   398.0   435.7   497.8   645.4  1532.1  3286.6  7516.3  93857.2    93771
read      279.3    82.5   101.3   163.9   183.8   277.3   307.7   323.7   335.5   347.6   367.1   396.5   477.8   815.0  1983.4  20371.2    20452
read      290.7   147.0    86.8   141.6   157.1   278.5   325.9   350.2   368.2   391.0   424.0   484.3   638.9  1652.0  3485.0  42535.6    42338
read      346.5   290.8    86.8   138.7   154.2   282.1   351.1   398.6   441.8   498.6   576.8   734.5  1472.9  3501.6  7668.1  72499.2    72627
read      321.6   225.4    86.8   140.8   156.4   273.3   333.4   368.7   397.5   439.1   515.8   674.7  1181.4  2473.6  4934.8  80547.4    80603
read      279.9   121.9    86.8   139.7   154.0   270.0   318.5   342.1   359.5   379.4   406.1   459.9   609.6  1130.6  3238.3  49152.2    49049
read      321.2   245.1    86.8   142.8   159.1   272.6   331.9   365.6   391.9   427.8   485.6   618.9  1342.9  2718.5  7110.5  92408.0    92305
read      280.2   115.1    86.8   138.9   153.0   266.5   319.6   345.8   365.1   387.9   418.9   475.0   628.2   969.7  1650.5  56879.8    56889
read      288.2   176.8    93.8   136.9   150.8   256.4   312.8   343.0   365.6   393.2   434.9   531.8   894.4  1836.5  5045.5  78160.6    78036
read      284.9   156.9    93.8   137.0   151.1   259.0   315.7   345.2   367.2   394.0   432.8   512.8   774.4  1492.7  3609.1  71526.2    71583
read      284.4   155.6    86.8   136.6   150.4   258.3   315.4   345.2   367.3   393.9   432.6   515.8   777.7  1490.9  3471.2  72717.2    72609
read      415.2   379.0    93.8   158.2   180.8   330.7   413.4   469.4   515.3   575.6   668.5   861.2  2131.3  4120.4  7914.0 107402.6   107382
read      308.6   218.8    86.8   139.2   154.4   265.3   321.7   354.7   379.7   413.6   469.9   605.4  1226.6  2335.8  5455.9  86474.0    86530
read      271.7    82.0    93.8   164.4   186.6   266.4   294.0   310.1   320.8   335.7   353.8   385.6   478.7   916.5  2463.2  16479.0    16550
read      308.0   212.5    86.8   139.4   154.7   266.6   324.2   357.4   382.9   416.8   472.7   608.8  1090.9  2275.1  6367.5  84303.0    84534
read      293.4   170.2    86.8   137.7   151.9   263.3   318.9   349.2   372.0   401.1   449.5   548.7   862.3  1972.1  3554.5  72522.2    72631
read      283.9   150.3    86.8   138.3   152.7   270.4   319.0   343.3   361.8   383.9   415.2   475.6   673.7  1436.0  3152.0  49349.4    49291
read      281.3   140.7    86.8   135.5   149.5   261.3   315.1   342.6   363.0   387.6   422.9   495.1   720.0  1522.1  3106.3  62411.6    62175
read      288.7   174.1    86.8   136.1   150.3   256.6   313.5   343.7   366.6   394.8   436.6   536.5   887.1  1915.6  4916.4  80314.2    80213
read      280.3   104.3   101.3   169.5   190.9   275.0   303.8   319.0   331.3   344.4   364.7   396.5   489.8   882.3  4249.1  16550.6    16566
read      285.0   130.8    86.8   139.8   154.3   270.6   321.8   347.3   366.5   389.6   422.1   485.7   671.3  1209.5  2748.1  53792.4    53985
read      343.6   292.9    86.8   146.6   164.0   283.7   345.2   383.5   414.9   459.4   530.6   692.8  1532.9  3398.0  7724.3 101954.6   101949
read      283.2    96.7    93.8   160.2   179.0   279.9   312.4   329.5   341.5   356.9   375.5   412.1   516.5  1028.3  3158.9  24118.6    24076
read      288.0   145.7    86.8   139.7   154.1   272.1   323.2   349.0   368.3   392.2   427.0   496.1   709.7  1374.2  2752.7  52503.4    52574
read      451.8   493.9    86.8   161.1   184.7   335.6   418.2   474.0   521.8   585.3   691.9  1062.5  3132.2  5163.4  8077.5 106345.4   106271
read      393.1   337.5    86.8   156.8   178.3   318.9   393.9   444.9   486.7   541.9   627.3   805.8  1832.1  3652.8  7839.7 105369.6   105451
read      311.0   206.0    86.8   141.2   157.0   270.2   327.9   360.9   385.9   419.1   472.1   603.4  1157.9  2273.1  4464.9  86078.8    86087
read      282.9   109.6    93.8   151.1   169.0   278.5   314.3   333.3   346.0   363.9   386.9   428.8   550.3   982.1  3981.4  29197.0    29108
read      389.6   342.5    93.8   155.2   176.5   315.2   389.5   438.2   479.2   534.0   617.4   795.1  1909.0  3596.5  7931.4 100922.6   101115
read      289.6   160.0    86.8   138.0   152.0   260.8   317.5   347.2   369.6   397.3   439.6   529.2   849.4  1800.0  2957.2  74194.6    74326
read      290.7   164.7    86.8   137.9   152.1   261.0   317.8   348.1   370.6   398.9   443.5   540.2   852.4  1697.9  2701.7  76164.0    75832
read      338.5   265.8    86.8   146.6   163.8   284.1   345.0   382.2   411.8   454.4   521.9   679.9  1435.6  2803.0  7332.3  94998.0    94901
read      276.0    98.2    93.8   168.5   189.6   271.9   299.6   315.1   326.2   339.7   357.8   387.7   469.4   703.8  4757.8  15863.0    15809
read      288.8   130.5    86.8   154.5   173.1   283.6   319.8   339.3   353.3   370.0   393.5   433.2   555.3  1139.3  4731.6  28698.4    28874
read      306.7   160.1    86.8   139.4   154.5   284.5   341.9   375.9   402.3   438.3   485.8   557.7   740.0  1519.1  3788.8  51751.2    51882
read      294.7   121.6    93.8   146.9   163.9   287.2   331.9   355.7   372.6   394.7   424.8   472.0   589.8  1238.1  3047.5  32627.0    32653
read      326.7   175.7    86.8   143.3   160.5   299.9   362.1   399.7   431.3   470.8   524.0   606.8   793.7  1369.4  5713.7  41704.8    41676
read      367.3   440.2    86.8   138.0   153.0   284.3   351.1   394.2   430.8   478.9   547.4   699.3  2608.6  5367.4  8024.0  63061.8    63019
read      450.0   485.4    86.8   154.7   176.8   327.7   410.6   469.8   521.9   595.0   737.7  1233.0  2731.9  5181.5  8085.6  98858.2    99164
read      283.6   118.8    86.8   143.4   159.3   274.3   322.1   345.7   363.4   383.8   410.9   462.8   593.3  1036.4  2283.0  47268.6    47055
read      282.5   138.3    86.8   138.7   153.1   262.8   317.3   344.9   365.5   390.0   424.7   491.3   681.6  1341.4  3230.7  62348.0    62394
read      336.2   267.8    86.8   146.2   163.7   281.5   341.9   378.4   407.3   448.4   510.0   665.6  1476.7  2959.2  7590.4  98487.2    98519
read      279.9    99.5    93.8   149.5   166.2   277.8   315.3   334.7   347.4   364.9   387.1   424.8   522.8   759.4  2533.2  32343.0    32122
read      283.2   132.9    93.8   138.6   152.7   270.8   320.7   345.5   364.3   386.7   418.4   478.8   634.4  1256.3  3947.5  49404.8    49464
read      296.0   114.5    93.8   156.4   176.4   289.0   326.7   346.2   362.3   380.4   405.1   455.2   581.5  1405.2  3756.7  24095.2    24034
read      311.5   219.6    86.8   137.2   151.5   265.3   326.1   362.1   391.6   433.5   501.6   630.3  1137.8  2367.2  5282.3  77277.0    77363
read      330.9   246.2    86.8   146.8   163.9   282.6   341.9   377.2   405.2   445.9   507.9   647.3  1301.0  2856.5  7074.9  91752.8    91698
read      278.3    99.4    86.8   143.2   158.6   274.9   316.4   337.5   352.3   370.1   394.5   435.8   548.6   818.4  1895.3  39130.2    38997
read      309.7   212.2    93.8   141.8   157.5   269.1   326.4   359.2   384.2   417.8   471.3   595.4  1094.3  2348.7  5692.5  85854.0    86028
read      289.9   166.9    86.8   137.8   152.0   257.4   314.5   345.0   368.2   396.8   441.1   540.4   891.7  1834.5  3334.3  82894.0    83012
read      275.3    93.7   101.3   173.1   193.7   271.7   297.6   312.7   322.6   336.5   353.2   380.9   454.5   651.2  4436.7  14881.2    15024
read      284.4   131.3    86.8   138.9   153.1   268.4   321.2   347.4   367.3   391.6   426.5   494.1   671.6  1253.8  2276.6  56645.6    56640
read      364.2   313.6    86.8   151.7   170.7   299.5   365.1   405.2   441.2   489.3   562.2   729.9  1766.3  3357.6  7805.9  97224.6    97362
read      413.3   354.5    86.8   159.0   181.9   334.0   418.4   475.1   522.3   583.9   674.8   858.0  1940.6  3771.3  7870.1 107652.0   107412
read      282.3   139.1    86.8   137.6   151.3   261.8   317.6   345.8   366.8   392.2   429.1   500.6   692.6  1205.9  3195.9  64909.6    65030
read      291.7   183.6    86.8   137.4   151.6   258.4   315.5   346.1   369.1   397.5   442.4   542.1   903.1  2010.6  6030.9  79374.6    79278
read      283.9   116.2    93.8   140.5   155.5   274.0   321.4   345.4   363.3   384.4   414.4   471.6   632.6  1093.1  1982.1  47628.8    47544
read      416.1   370.1    86.8   160.8   183.6   333.9   416.9   471.4   517.3   577.9   670.2   859.8  2123.2  3954.5  7912.2 105255.2   105368
read      282.2   148.9    86.8   138.1   151.9   265.5   318.3   344.6   364.1   387.2   420.3   485.4   662.9  1258.4  4325.0  58220.0    58181
read      277.9   122.7    86.8   136.8   150.6   263.1   315.9   342.3   361.6   384.2   415.2   472.7   632.5  1173.3  2276.4  56936.4    56960
read      272.8    88.4   101.3   170.6   191.1   268.5   295.3   311.1   321.3   335.4   351.7   380.3   454.6   717.0  3960.9  14734.2    14849
read      313.2   184.4    86.8   137.9   152.6   277.6   340.7   378.9   410.2   453.3   510.4   609.2   892.3  1959.9  3562.6  63768.4    63672
read      300.5   147.4    86.8   138.4   153.2   281.6   337.2   368.0   391.8   422.5   464.9   534.0   717.7  1570.9  2747.6  48287.2    48289
read      277.8   106.7   101.3   174.9   195.2   270.9   297.3   312.6   322.7   336.6   353.5   384.3   483.7  1241.9  4000.8  11878.6    11797
read      295.5   109.8   101.3   177.6   199.8   286.9   319.8   338.7   352.2   369.0   391.8   429.3   524.8  1226.3  3657.4  10806.6    10781
read      373.4   249.4    86.8   143.2   161.0   311.2   393.2   453.4   501.6   564.2   650.3   810.6  1283.2  2032.1  6985.8  49413.8    49362
read      453.8   478.2    86.8   159.5   183.0   335.1   418.3   475.0   524.5   592.3   717.9  1234.3  2734.4  4868.7  8013.4 102088.2   102119
read      284.4   121.1    86.8   142.4   157.7   275.4   323.1   346.1   364.0   384.7   411.8   463.4   604.3  1107.7  3282.7  46185.6    46213
read      329.6   261.4    86.8   144.0   160.8   276.6   337.3   372.8   401.3   440.7   503.4   647.7  1409.0  2909.7  7183.5  97070.8    97025
read      279.4    86.6    93.8   166.7   187.6   276.2   306.0   321.6   333.9   346.3   365.5   394.8   468.0   744.8  2972.6  18363.6    18351
read      283.7   112.1    93.8   160.4   180.8   278.9   311.6   329.1   341.5   357.2   376.4   412.2   504.7   965.4  4597.6  21445.2    21426
read      301.1   145.5    86.8   141.2   157.0   286.5   339.2   368.4   390.6   418.7   458.2   517.7   673.2  1421.1  3880.7  43062.8    43013
read      323.9   218.1    86.8   137.0   151.9   277.1   343.2   386.7   424.1   473.8   540.4   655.8  1078.3  2257.4  5317.3  67247.8    67376
read      299.7   130.8    86.8   146.0   162.8   289.7   337.9   364.4   383.7   405.9   439.7   493.8   620.3  1333.9  3179.8  36189.4    36043
read      266.9   153.1   101.3   178.2   194.8   256.0   279.8   293.1   303.5   316.2   334.3   364.3   479.6  1334.5  6387.4   6308.2     6255
read      744.7   895.7    93.8   211.4   244.0   434.0   567.9   676.1   797.2  1187.9  1689.3  2732.1  4492.5  7830.1  9723.7 102174.6   102499
read      288.3   200.1    93.8   150.7   167.7   271.9   309.3   329.6   344.1   363.8   391.3   448.6   682.9  2550.1  7913.5  26212.0    26263
read      282.2   135.8    86.8   138.5   152.6   265.4   319.5   346.1   365.6   388.8   421.2   482.1   658.2  1384.2  2197.6  56725.4    56974
read      282.5   120.3    86.8   143.9   159.6   276.4   321.2   343.5   359.7   377.6   401.9   448.9   571.1   902.6  4277.1  40860.4    40869
read      293.3   132.5    86.8   140.3   155.4   279.4   329.9   357.1   376.5   401.6   440.3   506.0   684.6  1248.4  2418.5  46399.4    46514
read      279.2   108.8   101.3   177.3   198.0   272.0   297.6   313.2   323.7   337.4   354.6   385.2   493.1  1274.6  5185.1  11453.6    11431
read      416.5   436.1    86.8   142.8   160.4   306.7   388.8   452.8   504.4   575.1   697.8  1054.9  2424.9  4436.8  8060.9  58736.8    58600
read      327.3   223.1    86.8   138.3   153.1   278.8   344.3   388.2   427.4   479.8   547.2   664.8  1146.0  2254.9  5424.2  67930.8    68058
read      304.5   162.3    86.8   136.8   151.3   279.4   338.6   372.5   399.6   436.1   486.2   560.5   787.1  1603.9  3402.0  54598.6    54502
read      317.0   208.4    86.8   137.5   152.2   277.3   341.5   381.6   416.2   463.0   524.0   623.8   943.0  2012.3  4900.7  64011.2    64022
read      299.3   146.6    86.8   136.8   151.4   278.1   336.5   369.4   394.7   427.6   471.8   542.9   727.7  1397.3  2199.5  52079.4    52142
read      473.1   522.2    86.8   164.8   190.4   349.0   435.7   493.9   542.0   611.7   731.0  1137.6  3288.5  5449.7  8127.4 101252.4   101375
read      281.2   115.4    86.8   144.0   159.7   275.5   319.7   341.9   358.2   376.2   401.0   446.9   563.6   809.2  2178.1  40532.2    40606
read      284.0   135.8    86.8   138.6   153.0   271.8   321.2   346.6   365.8   388.8   421.5   481.5   624.7  1212.1  3915.0  47267.6    47485
read      301.2   146.1    80.4   138.7   153.7   281.8   338.3   370.1   394.4   425.3   467.5   535.9   722.6  1503.3  3144.7  48764.4    48977
read      294.7   129.2    86.8   143.5   159.6   284.2   333.4   359.8   378.7   401.2   433.4   488.6   622.1  1331.3  3210.6  38539.8    38615
read      352.7   324.6    86.8   141.1   157.4   279.1   344.2   386.0   422.2   476.2   573.2   793.8  1731.6  3600.2  7705.6  80479.0    80279
read      282.2   161.7    86.8   135.7   149.5   254.2   311.4   341.5   363.8   390.7   429.4   509.5   774.7  1679.9  5133.8  75791.2    75843
read      293.4   223.7    86.8   136.1   150.1   260.7   317.2   346.9   369.5   397.1   438.9   530.3   876.9  2771.1  8043.3  66997.0    67095
read      279.0   119.6    93.8   142.1   157.5   273.4   317.3   339.3   354.9   372.5   397.6   439.5   550.3   976.3  3187.2  41380.0    41325
read      290.5   146.3    86.8   135.6   150.1   270.1   326.4   356.7   379.0   406.5   451.7   524.0   715.0  1355.7  3721.2  55748.8    55752
read      373.2   347.3    86.8   142.1   159.1   284.0   352.3   399.9   447.0   517.3   637.4   918.4  1889.7  3336.4  7539.1  85636.8    85561
read      269.7    77.8    93.8   170.3   191.0   266.1   291.8   306.6   316.7   329.6   344.7   371.1   440.8   717.5  2542.3  14247.4    14194
read      307.7   217.1    86.8   140.0   155.0   265.5   324.2   357.1   382.0   414.3   466.7   589.7  1199.9  2308.4  6175.5  87868.8    88002
read      313.6   231.6    86.8   140.7   156.5   268.7   327.0   360.7   386.4   420.7   474.3   603.0  1249.5  2469.2  7129.1  90631.6    90515
read      406.7   366.1    86.8   155.8   178.1   326.3   408.6   467.1   514.8   576.0   663.0   851.8  1889.8  4014.0  8557.6 109163.2   109283
read      282.3    93.6    86.8   159.2   177.6   280.5   314.4   332.4   344.3   360.5   379.7   411.2   495.1   749.6  2247.8  26724.2    26699
read      289.7   117.3    93.8   149.0   165.7   282.8   326.2   348.6   365.3   385.1   411.6   461.1   581.8  1140.6  3788.2  37396.6    37400
read      293.6    98.1    93.8   168.8   190.4   288.5   321.3   339.6   352.5   368.3   389.8   425.6   529.0  1244.5  2302.7  19319.6    19307
read      293.1   120.4    93.8   176.1   199.1   283.6   314.1   331.6   343.8   360.6   382.0   422.0   557.3  1358.6  4269.8  11566.4    11527
read      772.7  1023.0    86.8   191.0   222.8   400.6   515.2   620.1   764.5  1393.1  1942.1  3099.7  4890.6  7939.0 10134.8  83519.4    83787
read      273.6    96.1    86.8   156.1   175.2   269.7   300.8   317.4   329.9   343.7   363.6   395.3   493.0  1135.3  3723.5  22333.4    22209
read      288.3   180.2    86.8   136.7   150.5   257.5   314.7   344.4   366.7   393.7   432.9   519.4   870.2  2196.9  4677.3  74986.8    75169
read      282.0   167.3    86.8   135.1   149.0   254.3   311.0   340.5   361.8   387.4   424.2   500.0   793.9  2002.1  4840.2  73765.8    73833
read      316.9   250.0    86.8   140.8   156.5   269.1   328.4   362.5   388.6   423.9   481.0   616.1  1252.7  3049.4  7292.2  94865.8    94641
read      275.6   125.3    86.8   134.9   148.8   259.4   313.4   340.9   360.6   383.6   415.0   473.4   636.0  1052.6  2538.5  61147.4    61338
read      308.6   225.3    86.8   140.1   155.5   265.8   323.1   356.3   381.6   415.4   468.7   594.9  1129.4  2549.7  7276.2  91562.4    91825
read      290.6   188.8    86.8   136.3   150.4   257.3   315.4   345.9   368.9   397.1   439.4   533.3   904.4  2273.4  5008.5  77231.0    77235
read      278.1   101.5    93.8   144.6   160.7   274.9   316.4   337.4   351.9   369.2   392.6   431.4   533.1   753.3  2829.9  37223.6    37257
read      286.0   109.2    93.8   148.6   165.5   281.1   321.2   342.1   357.8   374.9   400.1   444.4   557.7  1008.5  2799.3  32216.8    32057
read      591.7   593.0    93.8   219.4   253.8   441.4   546.7   613.2   669.4   752.3   916.9  1630.8  3452.2  7183.7  8134.0 108544.4   108618
read      282.3   157.6    86.8   135.0   148.9   254.9   311.7   341.8   364.0   390.9   430.7   515.1   782.2  1528.2  4199.8  72915.2    72930
read      275.2   104.8    93.8   139.5   154.3   270.2   314.6   336.4   351.5   369.9   394.7   436.6   560.5   861.8  2150.3  43645.2    43714
read      303.0   215.3    86.8   138.5   153.3   261.8   319.1   351.1   374.8   405.2   457.4   580.2  1153.3  2302.9  6175.6  87126.4    87369
read      280.4   126.0    86.8   137.9   151.8   265.9   319.6   346.2   365.7   388.5   419.3   474.2   630.1  1182.5  2004.0  56706.0    56640
read      333.0   271.1    86.8   143.1   160.0   276.6   337.5   373.6   402.5   444.0   509.5   670.0  1505.5  2891.8  7299.6  97194.2    97360
read      285.0   185.8    86.8   135.0   149.1   253.3   309.8   339.9   361.9   389.0   429.0   517.7   872.8  1960.6  6204.2  79769.4    79788
read      266.8    85.1   101.3   174.9   194.1   262.3   286.4   299.6   310.4   321.3   338.8   366.3   436.2   738.2  3581.6  11349.0    11352
read      301.6   203.2    86.8   138.4   153.2   261.5   319.1   351.2   375.1   406.2   458.2   582.1  1089.9  2134.9  4629.0  87563.4    87962
read      278.2   130.5    86.8   141.4   157.0   272.3   315.7   337.4   352.6   370.7   395.6   437.4   551.2   996.7  4266.9  40804.4    40663
read      281.3   129.6    86.8   136.5   150.6   263.5   318.3   345.8   366.2   390.2   423.7   486.6   688.0  1271.0  2121.9  59471.2    59386
read      276.9   117.1    86.8   138.5   152.7   267.6   315.6   339.5   356.8   376.3   403.1   456.1   607.7   966.4  1969.3  48267.2    48302
read      279.9    93.5   101.3   160.2   180.8   274.9   306.3   323.2   336.6   351.6   371.9   404.5   506.8   919.5  2699.7  19390.8    19398
read      359.7   323.9    86.8   140.7   157.2   282.1   348.9   394.7   436.4   503.7   612.1   830.6  1672.7  3433.4  7804.5  82184.6    82197
read      303.8   260.0    86.8   137.0   151.1   260.4   318.5   350.0   373.5   403.9   455.9   573.0  1132.8  3140.1  7886.4  77477.8    77387
read      288.7   169.0    86.8   137.7   151.7   260.2   316.9   346.9   369.3   396.8   437.0   522.2   829.5  1981.2  4028.5  72858.0    72753
read      255.1   110.4   101.3   173.6   189.8   249.2   270.5   282.8   291.7   302.7   317.3   340.8   401.5  1241.8  5347.5   7740.4     7720
read      288.0   150.8    86.8   138.6   153.1   273.0   323.5   349.3   368.4   392.0   425.8   488.8   659.9  1766.0  4531.5  46186.2    46279
read      300.4   154.0    86.8   141.4   156.8   283.0   336.1   365.1   386.6   412.7   451.0   510.9   715.2  1878.8  2980.1  42172.6    42102
read      411.4   457.4    86.8   144.2   162.5   291.2   362.5   412.7   461.6   541.3   700.1  1198.1  2437.9  4430.4  8043.0  90969.8    90892
read      278.8   111.6    93.8   142.4   158.0   273.9   317.4   339.2   354.8   372.7   397.4   438.6   549.9   916.8  3831.0  39977.4    39976
read      277.8   147.0    86.8   134.6   148.6   257.6   311.9   339.4   359.2   382.7   414.5   474.0   696.4  1715.8  3425.0  61086.4    61084
read      271.0    73.1   101.3   164.4   185.1   268.3   295.9   311.7   322.0   336.1   352.8   380.5   452.5   663.8  1721.6  16760.6    16735
read      290.5   151.6    86.8   139.0   154.0   275.5   325.5   351.6   371.1   395.6   431.9   496.2   672.8  1630.3  4571.8  46131.0    45909
read      301.8   123.7    86.8   151.3   169.8   293.3   336.8   360.7   377.7   399.0   429.4   478.7   612.5  1464.1  2416.9  28967.8    28976
read      465.7   510.1    86.8   151.5   173.1   319.7   402.7   467.7   529.0   627.8   853.9  1435.2  2707.2  4606.2  8064.8  84713.6    84704
read      374.1   337.5    86.8   149.3   168.4   298.9   367.8   412.8   451.9   505.6   593.2   796.1  1885.4  3547.4  7790.3 101749.6   101822
read      305.8   217.8    86.8   138.8   153.8   261.9   319.7   352.8   377.7   411.3   466.5   598.9  1188.4  2310.8  6538.6  92606.8    92571
read      262.9    82.0   101.3   170.8   190.5   258.7   283.0   296.0   307.1   318.8   335.7   361.9   424.9   585.2  2562.6  12136.0    12106
read      277.3   133.4    86.8   135.5   149.3   260.5   314.1   340.8   360.3   383.2   414.7   472.9   653.2  1329.0  3441.7  58550.8    58568
read      281.5   139.8    86.8   138.2   152.3   267.7   318.8   344.4   363.0   384.6   413.9   469.8   633.4  1469.5  3953.6  51390.0    51319
read      277.7    86.8    93.8   161.0   180.5   274.7   305.8   322.2   334.8   347.8   367.8   399.7   490.0   818.2  2133.7  21622.6    21556
read      280.3    99.3    93.8   168.8   191.1   273.4   302.5   318.2   330.4   343.7   363.5   395.8   504.8  1250.7  3884.1  14215.8    14191
read      306.8   158.6    93.8   148.4   166.9   292.5   338.7   364.6   384.0   407.6   444.4   501.6   677.3  1714.3  6215.1  29139.6    29072
read      323.3   194.6    93.8   163.8   189.1   303.0   344.5   368.5   386.6   407.9   439.4   502.6   915.8  1910.9  7334.5  16337.6    16350
read      910.0  1116.7    86.8   222.7   251.9   451.8   606.8   785.9  1363.6  1770.9  2623.5  3310.1  5213.1  7989.4 10000.1  86629.6    86891
read      548.4   470.0    93.8   216.4   259.0   454.5   571.8   634.1   681.3   741.0   832.9  1014.6  2765.2  6365.4  8127.3 104401.6   104441
read      278.1   231.3    93.8   169.5   188.2   255.9   279.7   293.5   304.5   317.7   338.7   381.4   885.6  2973.1  7975.4   8888.6     8906
read      285.2   130.9    86.8   141.1   156.4   274.9   321.1   345.0   362.6   383.2   412.2   467.6   623.7  1484.4  2718.3  42112.6    42175
read      289.6   130.9    86.8   136.0   150.9   276.4   329.7   358.5   379.5   404.9   443.7   502.8   638.8  1017.3  3239.1  51785.0    51797
read      300.0   186.7    86.8   137.5   152.0   264.9   323.8   356.5   381.5   416.1   471.9   581.1   892.8  2061.9  4415.0  76797.2    76678
read      273.9   141.2    86.8   160.7   180.6   270.0   298.2   314.2   325.4   339.1   356.6   384.2   453.7   983.9  7796.6  19636.0    19630
read      296.3   172.9    86.8   141.5   157.2   265.3   320.7   352.3   374.9   403.7   449.8   538.3   865.3  2079.8  3474.3 100242.0   100132
read      275.7    99.8    86.8   142.6   158.0   273.8   315.4   336.4   350.6   368.0   390.5   426.5   519.2   694.3  2339.6  40410.2    40498
read      380.9   260.3    86.8   158.9   180.5   321.7   399.6   453.6   497.1   552.3   634.8   780.4  1169.6  3092.5  7059.1 108451.2   108559
read      281.2    96.1    93.8   159.2   178.1   280.4   312.7   329.7   341.3   355.8   373.0   402.6   481.6   634.2  3249.6  23865.0    23964
read      269.5   116.6    86.8   133.9   147.8   252.7   307.6   335.4   354.5   376.6   405.9   461.1   608.2   931.7  2063.4  70694.2    70760
read      296.8   182.2    86.8   140.4   156.2   263.7   319.2   350.4   373.4   402.6   448.5   540.7   927.8  2147.9  3435.8  99649.2    99567
read      354.3   224.4    86.8   151.8   171.5   301.8   372.5   421.0   461.3   512.7   588.1   730.7  1083.7  2370.2  3970.0 107409.2   107548
read      281.1   140.2    86.8   140.8   156.4   269.9   319.3   343.5   361.0   381.0   407.5   459.8   599.3  1015.3  6312.8  53860.0    53742
read      323.2   199.1    86.8   148.1   165.7   283.2   343.1   379.2   407.4   448.0   507.6   620.9   987.5  2452.0  3454.6 103959.2   103931
read      275.3   119.7    86.8   137.5   151.7   262.8   314.0   339.6   357.8   378.6   405.6   459.9   605.5   968.7  3544.8  60514.8    60359
read      265.9   103.1   101.3   174.1   193.3   258.5   282.5   296.0   307.6   319.8   338.9   368.9   458.8  1148.4  3830.0   9602.2     9725
read      293.0   147.0    86.8   136.9   151.8   277.8   331.1   360.1   381.6   408.4   448.3   509.5   662.4  1300.1  3770.5  51975.4    52014
read      314.1   137.6    80.4   142.6   160.5   300.4   356.4   388.6   413.0   444.0   483.1   539.3   663.0  1205.7  2986.1  40060.2    40053
read      598.3   844.5    86.8   158.8   184.3   341.8   425.2   490.3   553.8   669.7  1376.4  2594.3  4152.9  7718.5  8993.4  86447.4    86436
read      278.9    91.6    86.8   156.9   176.8   276.6   308.0   324.5   337.1   351.4   371.8   404.0   498.6   715.8  3106.2  24104.8    23983
read      270.3   128.9    86.8   134.1   148.0   254.1   307.7   334.0   352.1   372.8   400.9   454.1   620.0  1252.3  3666.9  66644.8    66595
read      278.2    87.6    86.8   154.0   172.5   277.8   310.1   326.9   338.8   352.8   371.3   402.4   489.5   750.8  2664.1  26085.4    26056
read      287.3   132.6    86.8   137.4   152.1   275.3   326.7   353.5   372.8   397.4   431.6   491.5   632.7  1298.1  2531.4  51810.6    51764
read      297.4   118.6    86.8   142.4   159.3   289.8   338.3   364.5   383.5   405.4   439.7   495.7   616.9   964.0  1813.6  40145.4    40202
read      542.9   813.3    86.8   145.6   165.7   314.1   388.8   441.8   492.3   577.5   853.4  2407.8  4175.9  7687.3  8718.5  76647.8    76665
read      268.7    82.6   101.3   175.4   195.7   264.3   288.4   301.9   312.3   323.6   340.2   366.8   435.4   866.5  2460.4  11108.8    11133
read      279.0   140.5    86.8   137.1   151.3   256.4   311.5   339.9   360.3   384.6   418.6   486.1   717.2  1578.0  3141.3  80276.2    80405
read      280.6   140.3    86.8   137.1   151.4   257.3   312.4   341.1   362.0   386.8   422.0   493.5   741.3  1432.6  2830.0  79115.2    79106
read      300.2   195.1    86.8   141.6   157.7   266.5   321.9   353.5   376.5   406.4   455.1   550.1   927.6  2269.0  5060.2  97262.4    97258
read      277.4   100.0    86.8   145.1   161.5   275.9   313.8   333.1   345.7   362.9   384.3   422.0   537.8   858.1  2485.5  36226.0    36307
read      285.4   115.2    86.8   150.4   168.8   279.8   315.3   334.4   346.8   365.5   390.1   434.0   584.9  1198.9  3146.0  28633.0    28636
read      307.6   169.8    86.8   142.4   159.6   289.8   338.1   364.9   385.1   410.5   451.3   529.6   821.5  1859.9  4227.3  41664.0    41620
read      348.6   234.2    86.8   142.8   160.8   293.6   360.9   408.3   453.7   512.7   593.0   742.0  1212.3  2242.5  4453.7  75679.6    75736
read      305.7   143.5    86.8   141.2   158.7   288.4   337.7   365.8   387.6   415.7   458.4   538.6   785.4  1470.1  2311.2  45002.6    44979
read      309.1   143.0    86.8   147.2   166.6   296.0   340.5   366.1   386.1   411.2   450.8   517.7   701.9  1408.7  3037.5  31626.2    31478
read      327.5   138.6    86.8   142.7   162.4   313.8   376.4   411.3   437.7   468.1   504.1   560.1   674.6   970.9  2573.6  37467.2    37586
read      648.9   792.3    93.8   219.3   250.2   424.5   528.4   593.7   651.3   747.5  1050.3  2334.6  4180.5  7688.6  9024.2 100709.2   108330

Total QPS = 57399.3 (103318824 / 1800.0s)

Total connections = 64
Misses = 0 (0.0%)
Skipped TXs = 0 (0.0%)

RX 25519750269 bytes :   13.5 MB/s
TX          0 bytes :    0.0 MB/s
Warning! Detected max cpu usage > 95%
CPU Usage Stats (avg/min/max): 100.00%,49.75%,100.00%
