./mcperf -s 100.96.3.2 -a 10.0.16.3 --noload -T 8 -C 8 -D 4 -Q 1000 -c 8 -t 5 -w 2 --scan 5000:80000:5000
#type       avg     std     min      p5     p10     p50     p67     p75     p80     p85     p90     p95     p99    p999   p9999     QPS   target
read      539.7   830.3   109.4   179.2   196.0   281.8   337.1   396.6   544.5   790.2  1090.1  1831.7  3991.8  8023.8 10157.5   5006.4     5000
read      571.6   734.6   101.3   176.4   199.5   311.4   387.3   581.2   763.4   908.0  1624.1  1833.9  2815.1  7940.0  9796.9  10005.4    10000
read      673.1   775.5   101.3   176.5   205.9   359.6   609.8   824.2   951.1  1186.6  1735.4  1935.3  2979.0  7953.8  9429.9  15085.4    15000
read      767.6   784.3    86.8   182.6   220.9   451.2   785.7   969.8  1105.1  1623.1  1807.7  2016.1  2985.4  7932.7 10263.3  19899.2    20000
read     3212.7  1754.6   109.4  1093.7  1199.3  3339.6  3523.3  3679.7  3790.0  4052.6  4760.2  6902.2  8116.4 15650.0 25076.3  21975.4    25000
read     3127.6  1568.0   137.8  1132.7  1222.6  3314.0  3459.8  3586.3  3695.1  3916.8  4567.8  6461.4  8029.1 10223.8 14522.8  22745.8    30000
read     3200.5  1619.0   127.6  1157.3  1242.4  3335.8  3492.7  3643.7  3738.0  4013.6  4663.8  6651.5  8080.3 13608.1 15595.5  22392.0    35000
read     3183.2  1603.1   137.8  1166.5  1253.7  3334.3  3476.0  3607.9  3702.0  3887.7  4552.8  6687.9  8087.2 11358.3 21731.7  22462.4    40000
read     3130.0  1550.2   187.4  1152.5  1237.5  3317.5  3457.6  3569.6  3668.8  3768.0  4506.8  6470.1  8028.4 10038.5 14238.3  22889.6    45000
read     3032.6  1546.1   160.7  1112.6  1197.0  3270.6  3414.5  3482.3  3607.8  3754.0  4391.2  6039.4  8016.5  9992.5 13747.5  23511.7    50000
read     3129.3  1596.1   137.8  1122.6  1220.0  3305.4  3458.0  3584.4  3691.7  3904.4  4541.1  6505.9  8052.7 13410.1 15047.0  22834.0    55000
read     3051.9  1567.6   202.4  1097.3  1188.5  3272.2  3428.6  3522.2  3648.3  3791.4  4437.9  6104.8  8027.0 10152.8 14630.3  23453.4    60000
read     3117.4  1576.1   173.5  1131.2  1219.0  3302.0  3448.1  3561.5  3677.9  3887.8  4574.5  6508.6  8037.4 10248.6 12905.9  22949.8    65000
read     3064.9  1556.3   173.5  1114.7  1202.4  3281.4  3426.8  3504.3  3634.1  3763.8  4446.5  6280.0  8020.8  9867.0 12781.6  23367.2    70000
read     3113.6  1584.2   202.4  1135.9  1219.5  3298.8  3443.9  3551.2  3671.6  3889.0  4555.4  6389.7  8054.5 11032.7 14509.5  22943.5    75000
read     3135.4  1568.4   160.7  1142.5  1232.1  3313.5  3462.7  3589.9  3693.1  3905.2  4589.4  6560.5  8027.4  9958.1 14269.2  22819.6    80000
Warning! Detected max cpu usage > 95%
CPU Usage Stats (avg/min/max): 66.06%,0.50%,100.00%
