./mcperf -s 100.96.3.2 -a 10.0.16.3 --noload -T 8 -C 8 -D 4 -Q 1000 -c 8 -t 5 -w 2 --scan 5000:80000:5000
#type       avg     std     min      p5     p10     p50     p67     p75     p80     p85     p90     p95     p99    p999   p9999     QPS   target
read      280.7    98.3   109.4   184.0   199.2   271.2   300.7   317.8   330.9   345.3   366.0   397.9   486.1  1290.4  3301.1   4933.4     5000
read      321.5   108.0   101.3   187.8   211.2   311.7   348.5   369.3   384.9   402.4   429.0   474.5   657.9  1106.0  3108.1  10072.6    10000
read      335.5   113.0   101.3   180.9   207.8   328.7   370.0   392.3   407.5   427.8   455.8   506.7   674.6   870.8  3066.9  14904.6    15000
read      372.5   217.3    93.8   179.1   207.7   353.5   401.6   429.9   452.5   481.7   533.5   632.5   826.1  1993.2  9231.2  19969.2    20000
read      451.5   434.5    93.8   181.3   212.4   375.1   436.6   478.8   520.2   586.7   671.7   834.9  2187.7  7265.8  9237.3  25100.8    25000
read      555.3   581.9    86.8   185.6   219.3   400.4   494.8   587.3   661.1   756.5   964.7  1557.5  2791.5  7811.4  9143.5  29953.4    30000
read     2207.6  1212.0   118.1  1291.0  1427.1  1939.1  2149.1  2292.2  2411.5  2605.4  3010.7  3877.2  7939.3 11970.5 15596.2  32066.4    35000
read     2240.8  1144.2   127.6  1337.8  1471.1  1986.8  2196.6  2338.9  2464.8  2648.1  2978.2  3833.1  7909.5  9489.2 13226.0  31797.5    40000
read     2250.5  1137.1   173.5  1388.7  1512.6  2001.7  2196.1  2326.8  2435.7  2595.6  2924.3  3878.9  7912.3  9718.2 13087.6  31673.0    45000
read     2127.3  1111.0   187.4  1276.1  1393.4  1888.6  2087.8  2212.7  2327.9  2497.2  2793.0  3629.1  7887.5  9087.8 10245.8  33508.7    50000
read     2206.7  1146.5   218.6  1308.7  1440.1  1954.0  2163.1  2303.8  2416.7  2579.3  2927.1  3822.6  7913.6  9731.5 12777.4  32339.8    55000
read     2052.6  1118.5   148.8  1226.0  1349.2  1817.6  1999.2  2116.5  2203.5  2361.7  2723.5  3564.9  7885.9 10196.1 13730.3  34589.2    60000
read     2053.5  1125.2   187.4  1243.5  1355.3  1819.1  1998.4  2114.8  2199.1  2342.4  2668.8  3550.2  7890.4 10015.8 14901.9  34756.5    65000
read     2222.7  1173.0   137.8  1333.5  1456.8  1935.7  2140.6  2290.0  2421.9  2654.0  3094.7  3925.1  7924.6  9941.4 12762.9  32156.6    70000
read     2219.0  1170.7   160.7  1353.2  1475.3  1964.4  2158.7  2286.4  2379.0  2550.3  2901.6  3827.7  7929.4 10246.7 15051.1  32244.4    75000
read     2229.5  1142.5   218.6  1343.7  1476.5  1964.9  2175.1  2323.3  2452.9  2647.3  3000.7  3830.3  7903.8  9614.1 13433.2  31978.6    80000
Warning! Detected max cpu usage > 95%
CPU Usage Stats (avg/min/max): 66.66%,1.00%,100.00%
