./mcperf -s 100.96.3.2 -a 10.0.16.3 --noload -T 8 -C 8 -D 4 -Q 1000 -c 8 -t 5 -w 2 --scan 5000:80000:5000
#type       avg     std     min      p5     p10     p50     p67     p75     p80     p85     p90     p95     p99    p999   p9999     QPS   target
read      274.9    93.9   109.4   180.4   195.6   265.6   294.4   311.6   323.7   339.3   359.9   392.5   467.1  1285.8  3202.5   4991.2     5000
read      324.8   149.3   101.3   185.8   211.6   313.4   350.5   371.1   387.0   404.0   430.5   472.3   656.5  1789.8  6983.1   9963.6    10000
read      350.4   171.2   101.3   181.1   210.4   333.3   376.0   399.8   418.7   441.0   474.4   554.1   803.2  2102.7  7133.6  14982.8    15000
read      358.5   154.8    93.8   175.8   203.5   345.1   392.8   419.7   439.2   466.3   507.3   602.4   775.8  1196.8  6218.1  20031.4    20000
read      382.2   203.0   101.3   176.9   204.2   358.7   413.5   446.2   471.2   508.4   575.2   669.1   859.0  2988.6  6026.8  25074.8    25000
read      401.9   201.7    93.8   178.2   206.6   368.1   432.0   472.9   509.0   567.0   634.7   735.5  1026.2  2129.6  3159.4  29901.8    30000
read     1909.0  1100.3   101.3   566.4  1197.7  1785.0  1945.9  2031.9  2119.7  2220.5  2407.4  3328.6  7835.6  9216.6 11663.4  34676.2    35000
read     2084.3  1084.9   118.1  1303.3  1411.3  1869.9  2032.5  2144.0  2225.2  2343.8  2559.7  3539.1  7881.8  9292.6 12025.5  34057.4    40000
read     2055.4  1071.0   148.8  1307.1  1413.2  1839.1  1991.0  2088.0  2169.7  2293.5  2517.1  3472.3  7873.7  9267.6 12006.8  34604.0    45000
read     2047.1  1065.1   275.4  1309.3  1414.3  1829.1  1980.3  2074.5  2158.1  2275.6  2500.4  3470.2  7869.8  9479.1 11610.9  34716.0    50000
read     2033.9  1066.6   202.4  1292.7  1395.7  1827.9  1977.5  2063.4  2141.0  2237.4  2424.0  3469.3  7866.4  9154.0 12979.5  35013.7    55000
read     2011.4  1065.1   173.5  1291.8  1391.5  1807.0  1954.0  2032.7  2116.6  2207.9  2402.1  3408.1  7858.5 10024.7 15047.0  35257.4    60000
read     1983.3  1058.9   187.4  1277.1  1378.8  1784.1  1917.1  1997.5  2059.0  2160.2  2344.9  3358.6  7860.4  9684.1 14334.9  35925.6    65000
read     2027.8  1065.8   187.4  1301.7  1401.7  1817.2  1966.3  2046.8  2129.1  2224.9  2441.4  3434.4  7873.5  9455.3 12073.2  35138.2    70000
read     2079.7  1072.6   160.7  1333.7  1442.3  1871.0  2015.9  2112.2  2180.1  2292.5  2489.0  3539.9  7879.4  9625.3 12356.0  34234.2    75000
read     1969.8  1052.3   118.1  1232.9  1335.6  1764.3  1911.0  1998.6  2068.2  2172.2  2377.9  3389.6  7850.0  9364.1 11560.0  36109.6    80000
Warning! Detected max cpu usage > 95%
CPU Usage Stats (avg/min/max): 66.03%,0.50%,100.00%
