./mcperf -s 100.96.3.2 -a 10.0.16.3 --noload -T 8 -C 8 -D 4 -Q 1000 -c 8 -t 5 -w 2 --scan 5000:80000:5000
#type       avg     std     min      p5     p10     p50     p67     p75     p80     p85     p90     p95     p99    p999   p9999     QPS   target
read      367.3   452.1   101.3   163.6   178.5   250.4   286.8   313.3   340.5   397.3   667.4  1081.2  1894.5  7227.7  9685.3   4990.0     5000
read      438.7   528.3    93.8   162.0   182.1   279.3   329.3   372.8   446.6   672.8   849.2  1637.8  2326.5  7485.4  9214.6   9965.6    10000
read      556.2   627.7    93.8   163.9   191.6   327.2   422.7   649.0   774.7   915.7  1280.9  1792.1  2436.3  7768.4  8985.9  14992.0    15000
read      677.7   705.3   101.3   170.0   202.7   394.3   672.0   838.6   981.1  1187.5  1716.2  1886.3  2781.9  7787.1  9567.6  20049.0    20000
read     3402.0  1719.6   137.8  1142.2  1253.6  3398.5  3682.4  3885.7  4056.9  4507.2  5472.2  7196.8  8134.8 12581.3 16398.2  21017.0    25000
read     3086.6  1596.2   137.8  1085.2  1185.3  3266.6  3449.1  3589.4  3709.1  3959.0  4532.7  6471.0  8044.9 10187.6 13843.2  23073.8    30000
read     3078.9  1573.8   148.8  1104.5  1196.4  3274.1  3443.4  3567.1  3684.6  3893.9  4515.3  6297.2  8026.3  9967.6 13825.5  23196.0    35000
read     3091.3  1581.6   148.8  1126.8  1214.7  3276.1  3438.0  3549.2  3668.0  3847.7  4500.3  6248.9  8048.6 11178.2 16832.1  23136.6    40000
read     3055.2  1564.0   148.8  1114.5  1203.2  3253.4  3419.5  3510.3  3648.7  3848.6  4459.9  6299.2  8017.1  9898.6 13773.9  23426.4    45000
read     2971.8  1578.9   173.5  1063.5  1148.2  3186.8  3382.3  3472.2  3604.3  3784.5  4363.0  5748.0  8020.6 12169.9 15212.8  24037.6    50000
read     2960.1  1561.4   173.5  1058.9  1144.9  3186.6  3376.2  3463.3  3579.1  3757.7  4328.1  5809.8  8014.5 10105.2 13500.4  24159.8    55000
read     2979.8  1575.8   173.5  1064.0  1158.3  3202.4  3386.7  3470.8  3597.5  3769.8  4367.4  5726.1  8023.8 12513.6 14955.6  23922.2    60000
read     3033.4  1582.0   160.7  1093.4  1186.2  3240.5  3409.1  3488.4  3634.4  3835.3  4402.3  5956.9  8033.6 12204.3 17818.8  23540.0    65000
read     9170.1  5209.9   173.5  1444.3  2749.9  7930.9 10617.5 11951.4 13138.6 14751.4 15986.6 18632.3 25193.7 32504.8 40249.9   8555.2    70000
read     3253.9  1580.6   218.6  1197.0  1287.0  3357.8  3531.6  3666.9  3751.4  4011.6  4702.4  6785.2  8070.5 10204.5 15174.1  22009.2    75000
read     3073.7  1553.6   202.4  1106.3  1198.8  3273.6  3442.7  3565.9  3684.6  3889.7  4449.2  6079.2  8009.2  9926.2 14141.2  23180.0    80000
Warning! Detected max cpu usage > 95%
CPU Usage Stats (avg/min/max): 66.83%,1.00%,100.00%
