./mcperf -s 100.96.3.2 -a 10.0.16.3 --noload -T 8 -C 8 -D 4 -Q 1000 -c 8 -t 5 -w 2 --scan 5000:80000:5000
#type       avg     std     min      p5     p10     p50     p67     p75     p80     p85     p90     p95     p99    p999   p9999     QPS   target
read      349.2   254.8   118.1   219.6   235.1   312.9   349.1   371.1   388.5   408.8   439.4   513.5  1265.0  2533.7  8076.7   5036.2     5000
read      441.9   672.5   109.4   213.4   238.2   357.6   409.4   439.6   462.6   493.1   540.8   632.9  2332.9 10554.3 14504.0  10032.6    10000
read      532.8   967.5   109.4   209.2   238.7   389.7   457.9   500.3   537.2   582.0   637.0   813.8  4791.9 13767.1 20139.5  14938.6    15000
read      545.6   617.0   101.3   210.6   245.2   425.7   517.1   579.2   620.0   672.0   769.4  1104.4  3203.1  7920.9  9412.5  19916.6    20000
read      582.5   552.1   101.3   214.8   254.9   468.6   590.7   651.8   706.2   784.3   903.8  1233.6  2525.5  7792.9 10217.1  24944.6    25000
read     2446.0  1207.3   118.1  1763.6  1893.2  2167.1  2299.8  2372.8  2472.6  2590.5  2916.0  4319.2  8002.9 10151.8 14695.1  28607.4    30000
read     2250.3  1274.0   218.6  1638.4  1698.2  1940.2  2034.2  2124.9  2183.5  2310.4  2627.9  3839.8  8035.1 14043.3 17589.4  31875.2    35000
read     2610.3  1168.6   173.5  1983.1  2061.3  2313.0  2432.6  2520.0  2588.5  2729.9  3013.6  4468.5  7999.1 10109.1 15620.5  27408.0    40000
read     2500.1  1180.6   321.2  1895.0  1946.9  2190.1  2315.1  2377.6  2478.2  2597.4  2923.2  4269.7  8000.7 11067.2 15620.4  28646.8    45000
read     2296.2  1178.0   255.0  1676.8  1758.7  1996.2  2113.0  2182.5  2265.3  2374.1  2731.5  3954.7  7961.2 10955.6 15797.6  31175.6    50000
read     2518.7  1177.9   202.4  1900.5  1957.5  2212.5  2330.0  2400.1  2488.7  2594.8  2902.0  4372.7  7996.6 10194.0 14838.0  28511.0    55000
read     2644.3  1195.2   148.8  1975.9  2055.2  2320.2  2459.4  2546.2  2648.1  2784.8  3153.5  4716.3  8006.6 10232.1 14746.4  27139.2    60000
read     2479.4  1145.1   297.4  1841.7  1922.0  2191.7  2322.8  2399.6  2490.3  2602.5  2885.0  4229.6  7974.7 10016.3 13441.0  28883.8    65000
read     2528.5  1186.8   218.6  1816.1  1904.3  2185.4  2356.8  2502.9  2634.7  2845.8  3254.8  4271.5  7979.2 10767.4 14913.3  28389.6    70000
read     2503.4  1170.4   202.4  1799.0  1897.7  2172.2  2329.6  2450.9  2555.4  2752.7  3218.5  4338.6  7968.5  9920.4 13639.6  28588.8    75000
read     2365.0  1126.3   255.0  1761.1  1828.7  2085.0  2189.9  2290.8  2361.8  2494.3  2750.7  3967.6  7949.3  9982.5 13230.6  30344.4    80000
Warning! Detected max cpu usage > 95%
CPU Usage Stats (avg/min/max): 65.73%,0.00%,100.00%
