./mcperf -s 100.96.3.2 -a 10.0.16.3 --noload -T 8 -C 8 -D 4 -Q 1000 -c 8 -t 5 -w 2 --scan 5000:80000:5000
#type       avg     std     min      p5     p10     p50     p67     p75     p80     p85     p90     p95     p99    p999   p9999     QPS   target
read      285.7   120.9   118.1   188.8   203.5   270.4   298.5   315.6   328.7   344.3   366.7   403.2   589.2  1842.6  3358.9   5020.0     5000
read      318.9   184.5    93.8   186.6   206.8   301.1   338.2   359.6   374.5   393.6   418.1   460.2   724.1  2738.7  7225.5  10020.8    10000
read      391.3   510.6   101.3   180.4   206.8   331.2   378.3   404.1   425.5   451.3   489.2   573.6  2032.4  7758.4  8861.4  14989.2    15000
read      395.6   394.2    93.8   176.0   202.4   348.3   404.7   436.7   462.1   495.2   546.6   640.7  1456.3  7149.2  9496.9  19982.4    20000
read      476.1   607.6    93.8   179.2   209.0   377.3   449.4   495.5   536.5   591.9   668.2   920.7  2435.7  7966.8 14513.5  24918.6    25000
read      428.4   439.1    93.8   171.4   199.7   365.6   438.4   484.5   522.5   571.7   627.0   739.6  1515.8  7038.5  9914.8  30015.2    30000
read      467.4   438.8    86.8   174.5   207.8   389.2   478.3   540.1   585.2   633.7   708.2   908.1  1720.4  6827.2  9174.0  34901.1    35000
read      531.1   420.8    86.8   188.5   229.6   443.2   565.0   629.5   681.5   756.0   878.4  1098.3  1935.6  6256.8  8798.5  39930.1    40000
read     1574.4   879.6   127.6  1138.9  1200.5  1374.5  1458.8  1507.5  1575.4  1676.8  1967.9  2665.7  7624.2  8324.9 10852.6  43918.4    45000
read     1621.6   951.1   187.4  1150.1  1203.0  1380.1  1476.3  1556.4  1629.0  1764.9  2212.9  2738.8  7656.0  9473.9 12588.5  43054.6    50000
read     1639.4   917.9   148.8  1190.1  1225.9  1419.9  1508.3  1586.4  1654.8  1765.7  2111.0  2745.7  7641.5  8990.6 13111.9  42583.4    55000
read     1596.1   940.3   160.7  1128.1  1185.5  1360.4  1457.8  1529.4  1602.4  1726.5  2194.3  2701.4  7656.6  8961.6 11005.5  43784.4    60000
read     1650.9   939.6   173.5  1198.1  1241.1  1428.2  1508.4  1582.3  1642.4  1744.4  2057.2  2771.4  7697.7  8798.3 12888.4  42401.2    65000
read     1666.8   962.7   160.7  1216.2  1271.1  1443.6  1521.4  1583.2  1629.9  1732.4  2017.4  2808.5  7734.0  9426.5 14290.9  42162.4    70000
read     1551.0   863.2   173.5  1117.8  1170.0  1344.0  1426.2  1482.1  1548.3  1663.2  2174.2  2627.6  7557.2  8130.6 10086.1  44808.8    75000
read     1551.6   862.8   202.4  1119.6  1172.7  1348.2  1431.0  1484.7  1552.5  1666.9  2116.3  2627.0  7560.2  8888.9 11426.7  44827.8    80000
Warning! Detected max cpu usage > 95%
CPU Usage Stats (avg/min/max): 66.20%,1.00%,100.00%
