./mcperf -s 100.96.3.2 -a 10.0.16.3 --noload -T 8 -C 8 -D 4 -Q 1000 -c 8 -t 5 -w 2 --scan 5000:80000:5000
#type       avg     std     min      p5     p10     p50     p67     p75     p80     p85     p90     p95     p99    p999   p9999     QPS   target
read      289.2    94.7   109.4   200.7   216.7   279.6   305.8   319.7   331.8   344.7   364.9   396.0   477.9  1370.5  3822.6   4953.2     5000
read      323.6   115.1   101.3   204.4   227.7   312.4   345.3   364.7   378.1   396.6   422.0   464.3   637.3  1220.0  3974.3   9936.0    10000
read      345.5   138.1    93.8   187.0   220.2   332.4   371.9   394.7   411.3   431.9   462.8   531.2   792.7  1372.0  3273.9  15031.0    15000
read      348.4   140.5    93.8   177.9   208.4   334.2   378.0   401.9   421.2   444.1   479.5   568.1   762.4  1814.1  2976.1  19803.0    20000
read      351.7   137.0    86.8   168.7   196.7   339.6   389.6   417.2   436.6   464.5   506.6   597.1   744.0   937.5  2879.7  25020.2    25000
read      376.2   180.6    93.8   170.0   199.1   354.1   410.5   444.0   470.1   508.1   577.1   666.9   829.5  2086.1  3489.8  30059.2    30000
read      384.8   181.8    93.8   169.2   198.6   358.0   418.3   458.1   494.0   550.7   619.3   694.4   854.1  1320.4  4331.4  34832.2    35000
read      467.4   355.8    93.8   174.8   210.5   391.7   479.0   552.2   609.3   669.3   751.8   936.7  1678.2  3719.5  8888.3  40048.0    40000
read     1214.4   863.1   101.3   284.1   366.4  1199.6  1328.9  1409.3  1479.2  1583.2  1792.5  2364.9  4517.3  8100.8 10178.8  44989.2    45000
read     1626.7   939.8   187.4  1063.4  1129.0  1398.2  1550.4  1656.0  1744.8  1916.0  2258.8  2737.4  7644.7  9347.4 14616.7  42956.4    50000
read     1616.4   911.9   137.8  1103.9  1156.6  1398.7  1527.6  1612.2  1698.3  1835.8  2228.8  2725.0  7649.0  8856.2 11209.1  43238.4    55000
read     1564.8   865.7   160.7  1089.5  1141.4  1365.7  1479.7  1561.0  1619.4  1726.2  2060.7  2651.7  7578.2  8353.0 10676.6  44506.4    60000
read     1544.5   855.5   173.5  1090.3  1138.3  1351.0  1456.6  1527.5  1590.4  1689.0  1994.8  2610.6  7570.4  8307.7 10934.8  45063.6    65000
read     1638.1   919.3   137.8  1084.4  1148.2  1414.5  1561.5  1665.9  1755.1  1919.6  2271.9  2746.1  7655.1  8349.4 10859.3  42693.8    70000
read     1514.6   841.3   321.2  1049.6  1108.5  1315.6  1429.4  1507.2  1584.0  1705.8  2102.5  2549.1  7452.6  8419.3 11965.7  45793.0    75000
read     1594.7   893.5   173.5  1095.6  1145.4  1378.7  1503.1  1593.1  1673.3  1798.9  2187.9  2700.8  7613.0  8495.0 10210.1  43828.2    80000
Warning! Detected max cpu usage > 95%
CPU Usage Stats (avg/min/max): 67.24%,1.01%,100.00%
