1777987041
cpu0 3994 0 13411 417761 1646 0 4912 0 0 0
cpu1 3784 0 7358 426485 2079 0 3029 0 0 0
cpu2 3840 35 5112 431053 1680 0 2294 0 0 0
cpu3 3149 201 2642 435784 1458 0 1648 0 0 0
1777987042
cpu0 3994 0 13413 417859 1646 0 4912 0 0 0
cpu1 3784 0 7360 426583 2079 0 3029 0 0 0
cpu2 3840 35 5114 431151 1680 0 2294 0 0 0
cpu3 3149 201 2643 435883 1458 0 1648 0 0 0
1777987043
cpu0 3994 0 13414 417949 1646 0 4913 0 0 0
cpu1 3785 0 7362 426679 2079 0 3029 0 0 0
cpu2 3841 35 5116 431247 1680 0 2294 0 0 0
cpu3 3150 201 2645 435979 1458 0 1648 0 0 0
1777987044
cpu0 3996 0 13416 418035 1646 0 4914 0 0 0
cpu1 3785 0 7364 426774 2079 0 3029 0 0 0
cpu2 3841 35 5118 431342 1680 0 2294 0 0 0
cpu3 3151 201 2647 436074 1458 0 1648 0 0 0
1777987045
cpu0 3997 0 13419 418128 1646 0 4914 0 0 0
cpu1 3786 0 7367 426870 2079 0 3029 0 0 0
cpu2 3842 35 5119 431440 1680 0 2294 0 0 0
cpu3 3152 201 2648 436171 1458 0 1648 0 0 0
1777987046
cpu0 3997 0 13421 418226 1646 0 4915 0 0 0
cpu1 3787 0 7368 426968 2079 0 3029 0 0 0
cpu2 3842 35 5121 431538 1680 0 2295 0 0 0
cpu3 3152 201 2649 436270 1458 0 1648 0 0 0
1777987047
cpu0 3997 0 13423 418299 1646 0 4916 0 0 0
cpu1 3787 0 7371 427060 2079 0 3029 0 0 0
cpu2 3843 35 5122 431632 1680 0 2295 0 0 0
cpu3 3152 201 2651 436364 1458 0 1648 0 0 0
1777987048
cpu0 3998 0 13424 418371 1646 0 4917 0 0 0
cpu1 3788 0 7373 427151 2079 0 3029 0 0 0
cpu2 3843 35 5124 431725 1680 0 2295 0 0 0
cpu3 3153 201 2653 436456 1458 0 1649 0 0 0
1777987049
cpu0 3998 0 13426 418467 1646 0 4918 0 0 0
cpu1 3789 0 7376 427247 2079 0 3030 0 0 0
cpu2 3844 35 5125 431823 1680 0 2295 0 0 0
cpu3 3154 201 2655 436553 1458 0 1649 0 0 0
1777987050
cpu0 3999 0 13428 418555 1646 0 4918 0 0 0
cpu1 3790 0 7378 427343 2079 0 3030 0 0 0
cpu2 3844 35 5127 431919 1680 0 2295 0 0 0
cpu3 3154 201 2657 436650 1458 0 1649 0 0 0
1777987051
cpu0 4000 0 13431 418613 1646 0 4919 0 0 0
cpu1 3791 0 7382 427431 2079 0 3030 0 0 0
cpu2 3845 35 5129 432007 1680 0 2295 0 0 0
cpu3 3155 201 2659 436743 1458 0 1649 0 0 0
1777987052
cpu0 4001 0 13434 418680 1646 0 4920 0 0 0
cpu1 3792 0 7384 427521 2080 0 3030 0 0 0
cpu2 3846 35 5131 432097 1680 0 2295 0 0 0
cpu3 3155 201 2661 436836 1458 0 1649 0 0 0
1777987053
cpu0 4001 0 13435 418779 1646 0 4920 0 0 0
cpu1 3793 0 7387 427618 2080 0 3030 0 0 0
cpu2 3847 35 5132 432196 1680 0 2295 0 0 0
cpu3 3155 201 2663 436934 1458 0 1649 0 0 0
1777987054
cpu0 4001 0 13438 418847 1646 0 4921 0 0 0
cpu1 3793 0 7389 427711 2080 0 3031 0 0 0
cpu2 3847 35 5133 432288 1680 0 2296 0 0 0
cpu3 3156 201 2666 437026 1458 0 1649 0 0 0
1777987055
cpu0 4002 0 13443 418891 1646 0 4923 0 0 0
cpu1 3794 0 7392 427798 2080 0 3031 0 0 0
cpu2 3848 35 5135 432374 1680 0 2296 0 0 0
cpu3 3157 201 2668 437113 1458 0 1650 0 0 0
1777987056
cpu0 4002 0 13447 418966 1646 0 4923 0 0 0
cpu1 3795 0 7395 427890 2080 0 3031 0 0 0
cpu2 3848 35 5137 432467 1680 0 2296 0 0 0
cpu3 3157 201 2671 437206 1458 0 1650 0 0 0
1777987057
cpu0 4003 0 13448 419064 1646 0 4924 0 0 0
cpu1 3795 0 7397 427988 2080 0 3031 0 0 0
cpu2 3849 35 5139 432565 1680 0 2296 0 0 0
cpu3 3158 201 2672 437303 1458 0 1650 0 0 0
1777987058
cpu0 4005 0 13462 419100 1646 0 4926 0 0 0
cpu1 3796 0 7400 428076 2080 0 3031 0 0 0
cpu2 3849 35 5141 432647 1680 0 2297 0 0 0
cpu3 3158 201 2674 437388 1458 0 1651 0 0 0
1777987059
cpu0 4007 0 13479 419127 1646 0 4930 0 0 0
cpu1 3798 0 7402 428161 2080 0 3032 0 0 0
cpu2 3850 35 5143 432727 1680 0 2299 0 0 0
cpu3 3160 201 2677 437471 1459 0 1652 0 0 0
1777987060
cpu0 4008 0 13482 419217 1646 0 4931 0 0 0
cpu1 3798 0 7406 428256 2080 0 3033 0 0 0
cpu2 3850 35 5144 432824 1680 0 2299 0 0 0
cpu3 3160 201 2680 437566 1459 0 1652 0 0 0
1777987061
cpu0 4009 0 13488 419300 1646 0 4932 0 0 0
cpu1 3799 0 7407 428352 2080 0 3033 0 0 0
cpu2 3851 35 5146 432918 1680 0 2299 0 0 0
cpu3 3160 201 2683 437660 1459 0 1652 0 0 0
1777987062
cpu0 4015 0 13516 419317 1646 0 4938 0 0 0
cpu1 3799 0 7410 428433 2080 0 3035 0 0 0
cpu2 3852 35 5148 432999 1680 0 2301 0 0 0
cpu3 3161 201 2686 437737 1459 0 1654 0 0 0
1777987063
cpu0 4018 0 13540 419349 1646 0 4941 0 0 0
cpu1 3801 0 7413 428517 2080 0 3036 0 0 0
cpu2 3853 35 5150 433083 1680 0 2302 0 0 0
cpu3 3163 201 2689 437818 1459 0 1656 0 0 0
1777987064
cpu0 4018 0 13542 419447 1646 0 4941 0 0 0
cpu1 3801 0 7414 428616 2080 0 3036 0 0 0
cpu2 3853 35 5152 433181 1680 0 2302 0 0 0
cpu3 3163 201 2691 437916 1459 0 1656 0 0 0
1777987065
cpu0 4021 0 13579 419497 1646 0 4951 0 0 0
cpu1 3802 0 7416 428704 2080 0 3039 0 0 0
cpu2 3854 35 5154 433268 1680 0 2304 0 0 0
cpu3 3164 201 2693 438006 1459 0 1657 0 0 0
1777987066
cpu0 4029 0 13652 419497 1646 0 4969 0 0 0
cpu1 3802 0 7419 428782 2080 0 3043 0 0 0
cpu2 3854 35 5156 433346 1680 0 2307 0 0 0
cpu3 3164 201 2696 438085 1459 0 1660 0 0 0
1777987067
cpu0 4033 0 13689 419547 1646 0 4978 0 0 0
cpu1 3803 0 7422 428869 2080 0 3046 0 0 0
cpu2 3855 35 5157 433435 1680 0 2310 0 0 0
cpu3 3165 201 2701 438172 1459 0 1663 0 0 0
1777987068
cpu0 4034 0 13691 419645 1646 0 4979 0 0 0
cpu1 3804 0 7423 428967 2080 0 3046 0 0 0
cpu2 3855 35 5159 433532 1680 0 2310 0 0 0
cpu3 3166 201 2703 438270 1459 0 1663 0 0 0
1777987069
cpu0 4042 0 13749 419662 1646 0 4995 0 0 0
cpu1 3804 0 7426 429038 2080 0 3050 0 0 0
cpu2 3856 35 5162 433618 1680 0 2313 0 0 0
cpu3 3167 201 2705 438351 1459 0 1667 0 0 0
1777987070
cpu0 4050 0 13823 419662 1646 0 5014 0 0 0
cpu1 3805 0 7430 429104 2080 0 3056 0 0 0
cpu2 3856 35 5164 433702 1680 0 2315 0 0 0
cpu3 3168 201 2709 438427 1459 0 1672 0 0 0
1777987071
cpu0 4051 0 13835 419744 1646 0 5018 0 0 0
cpu1 3805 0 7432 429196 2080 0 3060 0 0 0
cpu2 3857 35 5165 433797 1680 0 2317 0 0 0
cpu3 3168 201 2713 438519 1459 0 1673 0 0 0
1777987072
cpu0 4053 0 13846 419829 1646 0 5021 0 0 0
cpu1 3806 0 7433 429291 2080 0 3060 0 0 0
cpu2 3857 35 5167 433893 1680 0 2317 0 0 0
cpu3 3169 201 2715 438616 1459 0 1673 0 0 0
1777987073
cpu0 4061 0 13914 419829 1646 0 5046 0 0 0
cpu1 3807 0 7436 429363 2080 0 3067 0 0 0
cpu2 3858 35 5169 433976 1680 0 2319 0 0 0
cpu3 3171 201 2719 438701 1459 0 1676 0 0 0
1777987074
cpu0 4067 0 13973 419842 1646 0 5068 0 0 0
cpu1 3807 0 7440 429438 2080 0 3072 0 0 0
cpu2 3859 35 5170 434061 1680 0 2323 0 0 0
cpu3 3171 201 2723 438788 1459 0 1677 0 0 0
1777987075
cpu0 4067 0 13974 419941 1646 0 5068 0 0 0
cpu1 3808 0 7441 429536 2080 0 3073 0 0 0
cpu2 3859 35 5171 434159 1680 0 2323 0 0 0
cpu3 3172 201 2725 438885 1459 0 1677 0 0 0
1777987076
cpu0 4071 0 14007 419996 1646 0 5077 0 0 0
cpu1 3808 0 7443 429627 2080 0 3074 0 0 0
cpu2 3860 35 5174 434249 1680 0 2325 0 0 0
cpu3 3173 201 2727 438971 1459 0 1681 0 0 0
1777987077
cpu0 4082 0 14075 419996 1646 0 5099 0 0 0
cpu1 3809 0 7446 429706 2080 0 3079 0 0 0
cpu2 3860 35 5176 434328 1680 0 2331 0 0 0
cpu3 3174 201 2731 439043 1459 0 1688 0 0 0
1777987078
cpu0 4087 0 14116 420040 1646 0 5110 0 0 0
cpu1 3810 0 7449 429792 2080 0 3082 0 0 0
cpu2 3861 35 5177 434416 1680 0 2334 0 0 0
cpu3 3175 201 2735 439125 1459 0 1692 0 0 0
1777987079
cpu0 4087 0 14117 420138 1646 0 5110 0 0 0
cpu1 3811 0 7450 429890 2080 0 3083 0 0 0
cpu2 3861 35 5179 434514 1680 0 2334 0 0 0
cpu3 3175 201 2737 439223 1459 0 1693 0 0 0
1777987080
cpu0 4095 0 14172 420160 1646 0 5125 0 0 0
cpu1 3812 0 7452 429970 2080 0 3085 0 0 0
cpu2 3861 35 5181 434597 1680 0 2337 0 0 0
cpu3 3176 201 2739 439305 1459 0 1696 0 0 0
1777987081
cpu0 4105 0 14245 420161 1646 0 5143 0 0 0
cpu1 3813 0 7455 430045 2080 0 3092 0 0 0
cpu2 3862 35 5182 434676 1680 0 2342 0 0 0
cpu3 3177 201 2743 439381 1459 0 1701 0 0 0
1777987082
cpu0 4108 0 14262 420237 1646 0 5147 0 0 0
cpu1 3814 0 7458 430136 2080 0 3094 0 0 0
cpu2 3862 35 5184 434770 1680 0 2346 0 0 0
cpu3 3177 201 2746 439473 1459 0 1704 0 0 0
1777987083
cpu0 4109 0 14269 420327 1646 0 5148 0 0 0
cpu1 3814 0 7460 430233 2080 0 3095 0 0 0
cpu2 3863 35 5185 434866 1680 0 2346 0 0 0
cpu3 3178 201 2748 439569 1459 0 1704 0 0 0
1777987084
cpu0 4118 0 14344 420327 1646 0 5165 0 0 0
cpu1 3815 0 7464 430313 2080 0 3097 0 0 0
cpu2 3864 35 5187 434941 1680 0 2351 0 0 0
cpu3 3179 201 2751 439643 1459 0 1711 0 0 0
1777987085
cpu0 4126 0 14410 420335 1646 0 5184 0 0 0
cpu1 3816 0 7467 430394 2080 0 3101 0 0 0
cpu2 3864 35 5188 435020 1680 0 2357 0 0 0
cpu3 3179 201 2755 439719 1459 0 1717 0 0 0
1777987086
cpu0 4126 0 14411 420434 1646 0 5184 0 0 0
cpu1 3816 0 7468 430493 2080 0 3101 0 0 0
cpu2 3865 35 5190 435118 1680 0 2357 0 0 0
cpu3 3179 201 2756 439816 1459 0 1717 0 0 0
1777987087
cpu0 4130 0 14441 420493 1646 0 5191 0 0 0
cpu1 3816 0 7470 430581 2080 0 3104 0 0 0
cpu2 3866 35 5192 435208 1680 0 2359 0 0 0
cpu3 3180 201 2759 439907 1459 0 1717 0 0 0
1777987088
cpu0 4139 0 14513 420493 1646 0 5211 0 0 0
cpu1 3817 0 7474 430653 2080 0 3109 0 0 0
cpu2 3867 35 5194 435285 1680 0 2365 0 0 0
cpu3 3181 201 2762 439987 1459 0 1721 0 0 0
1777987089
cpu0 4145 0 14555 420533 1646 0 5223 0 0 0
cpu1 3818 0 7478 430736 2080 0 3113 0 0 0
cpu2 3868 35 5196 435371 1680 0 2368 0 0 0
cpu3 3182 201 2765 440075 1459 0 1724 0 0 0
