1777986979
cpu0 3913 0 13068 412876 1645 0 4677 0 0 0
cpu1 3686 0 6763 421788 2079 0 2782 0 0 0
cpu2 3746 35 4567 426309 1680 0 2070 0 0 0
cpu3 3103 201 2492 430310 1458 0 1515 0 0 0
1777986980
cpu0 3913 0 13070 412973 1645 0 4677 0 0 0
cpu1 3686 0 6765 421886 2079 0 2782 0 0 0
cpu2 3747 35 4569 426407 1680 0 2070 0 0 0
cpu3 3103 201 2493 430408 1458 0 1515 0 0 0
1777986981
cpu0 3914 0 13071 413069 1645 0 4677 0 0 0
cpu1 3687 0 6766 421980 2079 0 2782 0 0 0
cpu2 3747 35 4571 426501 1680 0 2070 0 0 0
cpu3 3103 201 2496 430504 1458 0 1515 0 0 0
1777986982
cpu0 3914 0 13072 413160 1645 0 4678 0 0 0
cpu1 3687 0 6768 422071 2079 0 2783 0 0 0
cpu2 3747 35 4573 426594 1680 0 2070 0 0 0
cpu3 3103 201 2498 430600 1458 0 1515 0 0 0
1777986983
cpu0 3915 0 13074 413254 1645 0 4678 0 0 0
cpu1 3688 0 6770 422166 2079 0 2783 0 0 0
cpu2 3747 35 4574 426690 1680 0 2070 0 0 0
cpu3 3105 201 2500 430696 1458 0 1516 0 0 0
1777986984
cpu0 3915 0 13076 413352 1645 0 4679 0 0 0
cpu1 3688 0 6771 422265 2079 0 2783 0 0 0
cpu2 3748 35 4576 426788 1680 0 2070 0 0 0
cpu3 3105 201 2502 430793 1458 0 1516 0 0 0
1777986985
cpu0 3916 0 13078 413435 1645 0 4679 0 0 0
cpu1 3688 0 6773 422348 2079 0 2784 0 0 0
cpu2 3748 35 4577 426879 1680 0 2070 0 0 0
cpu3 3106 201 2505 430885 1458 0 1516 0 0 0
1777986986
cpu0 3916 0 13080 413519 1645 0 4680 0 0 0
cpu1 3689 0 6774 422436 2079 0 2784 0 0 0
cpu2 3748 35 4579 426962 1680 0 2071 0 0 0
cpu3 3107 201 2508 430977 1458 0 1516 0 0 0
1777986987
cpu0 3917 0 13082 413616 1645 0 4680 0 0 0
cpu1 3690 0 6776 422532 2079 0 2785 0 0 0
cpu2 3749 35 4581 427059 1680 0 2071 0 0 0
cpu3 3107 201 2509 431075 1458 0 1516 0 0 0
1777986988
cpu0 3918 0 13083 413709 1645 0 4681 0 0 0
cpu1 3691 0 6779 422624 2079 0 2785 0 0 0
cpu2 3750 35 4582 427150 1680 0 2071 0 0 0
cpu3 3107 201 2510 431171 1458 0 1516 0 0 0
1777986989
cpu0 3918 0 13087 413783 1646 0 4681 0 0 0
cpu1 3691 0 6782 422700 2079 0 2786 0 0 0
cpu2 3751 35 4585 427230 1680 0 2071 0 0 0
cpu3 3108 201 2512 431261 1458 0 1516 0 0 0
1777986990
cpu0 3919 0 13089 413866 1646 0 4682 0 0 0
cpu1 3692 0 6784 422782 2079 0 2786 0 0 0
cpu2 3752 35 4587 427312 1680 0 2072 0 0 0
cpu3 3109 201 2514 431352 1458 0 1516 0 0 0
1777986991
cpu0 3919 0 13091 413964 1646 0 4682 0 0 0
cpu1 3692 0 6785 422880 2079 0 2786 0 0 0
cpu2 3752 35 4589 427409 1680 0 2072 0 0 0
cpu3 3110 201 2516 431449 1458 0 1516 0 0 0
1777986992
cpu0 3919 0 13092 414055 1646 0 4682 0 0 0
cpu1 3693 0 6787 422960 2079 0 2786 0 0 0
cpu2 3752 35 4592 427489 1680 0 2072 0 0 0
cpu3 3111 201 2518 431541 1458 0 1516 0 0 0
1777986993
cpu0 3920 0 13096 414126 1646 0 4683 0 0 0
cpu1 3694 0 6790 423025 2079 0 2787 0 0 0
cpu2 3753 35 4595 427565 1680 0 2073 0 0 0
cpu3 3112 201 2520 431627 1458 0 1516 0 0 0
1777986994
cpu0 3920 0 13099 414210 1646 0 4684 0 0 0
cpu1 3694 0 6792 423111 2079 0 2788 0 0 0
cpu2 3754 35 4599 427651 1680 0 2073 0 0 0
cpu3 3112 201 2523 431719 1458 0 1516 0 0 0
1777986995
cpu0 3921 0 13100 414308 1646 0 4685 0 0 0
cpu1 3695 0 6794 423209 2079 0 2788 0 0 0
cpu2 3754 35 4600 427750 1680 0 2073 0 0 0
cpu3 3112 201 2524 431817 1458 0 1516 0 0 0
1777986996
cpu0 3922 0 13103 414377 1646 0 4687 0 0 0
cpu1 3696 0 6798 423282 2079 0 2790 0 0 0
cpu2 3754 35 4604 427811 1680 0 2074 0 0 0
cpu3 3113 201 2527 431902 1458 0 1517 0 0 0
1777986997
cpu0 3922 0 13108 414436 1646 0 4688 0 0 0
cpu1 3697 0 6801 423344 2079 0 2790 0 0 0
cpu2 3755 35 4607 427886 1680 0 2074 0 0 0
cpu3 3114 201 2529 431986 1458 0 1517 0 0 0
1777986998
cpu0 3923 0 13109 414527 1646 0 4689 0 0 0
cpu1 3698 0 6803 423440 2079 0 2790 0 0 0
cpu2 3755 35 4609 427977 1680 0 2074 0 0 0
cpu3 3115 201 2531 432082 1458 0 1517 0 0 0
1777986999
cpu0 3923 0 13112 414615 1646 0 4690 0 0 0
cpu1 3698 0 6805 423535 2079 0 2791 0 0 0
cpu2 3756 35 4611 428066 1680 0 2075 0 0 0
cpu3 3115 201 2533 432178 1458 0 1517 0 0 0
1777987000
cpu0 3925 0 13118 414663 1646 0 4694 0 0 0
cpu1 3699 0 6809 423606 2079 0 2792 0 0 0
cpu2 3757 35 4618 428112 1680 0 2078 0 0 0
cpu3 3116 201 2536 432263 1458 0 1518 0 0 0
1777987001
cpu0 3926 0 13124 414722 1646 0 4697 0 0 0
cpu1 3700 0 6815 423665 2079 0 2794 0 0 0
cpu2 3758 35 4621 428183 1680 0 2080 0 0 0
cpu3 3117 201 2539 432350 1458 0 1518 0 0 0
1777987002
cpu0 3927 0 13125 414819 1646 0 4697 0 0 0
cpu1 3700 0 6816 423764 2079 0 2795 0 0 0
cpu2 3759 35 4623 428281 1680 0 2080 0 0 0
cpu3 3117 201 2540 432447 1458 0 1518 0 0 0
1777987003
cpu0 3928 0 13131 414891 1646 0 4700 0 0 0
cpu1 3701 0 6820 423841 2079 0 2797 0 0 0
cpu2 3760 35 4628 428353 1680 0 2083 0 0 0
cpu3 3118 201 2542 432536 1458 0 1519 0 0 0
1777987004
cpu0 3929 0 13138 414946 1646 0 4705 0 0 0
cpu1 3703 0 6828 423894 2079 0 2802 0 0 0
cpu2 3761 35 4639 428394 1680 0 2087 0 0 0
cpu3 3119 201 2545 432613 1458 0 1520 0 0 0
1777987005
cpu0 3930 0 13145 415016 1646 0 4709 0 0 0
cpu1 3705 0 6834 423970 2079 0 2804 0 0 0
cpu2 3762 35 4645 428465 1680 0 2088 0 0 0
cpu3 3119 201 2548 432700 1458 0 1521 0 0 0
1777987006
cpu0 3931 0 13146 415115 1646 0 4709 0 0 0
cpu1 3705 0 6836 424068 2079 0 2804 0 0 0
cpu2 3763 35 4647 428562 1680 0 2088 0 0 0
cpu3 3120 201 2550 432798 1458 0 1521 0 0 0
1777987007
cpu0 3931 0 13155 415173 1646 0 4716 0 0 0
cpu1 3707 0 6848 424117 2079 0 2809 0 0 0
cpu2 3765 35 4658 428610 1680 0 2094 0 0 0
cpu3 3121 201 2554 432878 1458 0 1523 0 0 0
1777987008
cpu0 3934 0 13170 415215 1646 0 4725 0 0 0
cpu1 3709 0 6862 424156 2079 0 2813 0 0 0
cpu2 3767 35 4669 428654 1680 0 2100 0 0 0
cpu3 3122 201 2557 432956 1458 0 1525 0 0 0
1777987009
cpu0 3934 0 13173 415304 1646 0 4726 0 0 0
cpu1 3710 0 6866 424244 2079 0 2815 0 0 0
cpu2 3768 35 4674 428739 1680 0 2101 0 0 0
cpu3 3123 201 2559 433051 1458 0 1525 0 0 0
1777987010
cpu0 3935 0 13177 415394 1646 0 4726 0 0 0
cpu1 3710 0 6867 424339 2079 0 2815 0 0 0
cpu2 3769 35 4681 428827 1680 0 2104 0 0 0
cpu3 3123 201 2561 433145 1458 0 1526 0 0 0
1777987011
cpu0 3939 0 13194 415434 1646 0 4736 0 0 0
cpu1 3712 0 6884 424381 2079 0 2822 0 0 0
cpu2 3772 35 4706 428854 1680 0 2118 0 0 0
cpu3 3125 201 2563 433213 1458 0 1531 0 0 0
1777987012
cpu0 3942 0 13214 415469 1646 0 4747 0 0 0
cpu1 3714 0 6894 424441 2079 0 2827 0 0 0
cpu2 3776 35 4725 428894 1680 0 2127 0 0 0
cpu3 3125 201 2567 433287 1458 0 1534 0 0 0
1777987013
cpu0 3943 0 13216 415567 1646 0 4747 0 0 0
cpu1 3714 0 6895 424538 2079 0 2828 0 0 0
cpu2 3776 35 4727 428992 1680 0 2127 0 0 0
cpu3 3125 201 2569 433385 1458 0 1534 0 0 0
1777987014
cpu0 3944 0 13224 415643 1646 0 4751 0 0 0
cpu1 3716 0 6907 424608 2079 0 2834 0 0 0
cpu2 3779 35 4749 429050 1680 0 2137 0 0 0
cpu3 3126 201 2572 433471 1458 0 1536 0 0 0
1777987015
cpu0 3947 0 13243 415691 1646 0 4764 0 0 0
cpu1 3721 0 6947 424624 2079 0 2853 0 0 0
cpu2 3784 35 4782 429073 1680 0 2159 0 0 0
cpu3 3127 201 2576 433537 1458 0 1544 0 0 0
1777987016
cpu0 3950 0 13261 415746 1646 0 4770 0 0 0
cpu1 3725 0 6968 424676 2079 0 2861 0 0 0
cpu2 3784 35 4787 429149 1680 0 2165 0 0 0
cpu3 3127 201 2580 433618 1458 0 1548 0 0 0
1777987017
cpu0 3950 0 13263 415844 1646 0 4770 0 0 0
cpu1 3725 0 6969 424774 2079 0 2861 0 0 0
cpu2 3785 35 4788 429247 1680 0 2165 0 0 0
cpu3 3128 201 2582 433716 1458 0 1548 0 0 0
1777987018
cpu0 3954 0 13287 415883 1646 0 4792 0 0 0
cpu1 3731 0 7009 424802 2079 0 2881 0 0 0
cpu2 3789 35 4811 429299 1680 0 2176 0 0 0
cpu3 3130 201 2587 433794 1458 0 1555 0 0 0
1777987019
cpu0 3959 0 13324 415899 1646 0 4824 0 0 0
cpu1 3738 0 7060 424811 2079 0 2906 0 0 0
cpu2 3794 35 4833 429341 1680 0 2192 0 0 0
cpu3 3131 201 2591 433868 1458 0 1564 0 0 0
1777987020
cpu0 3961 0 13339 415974 1646 0 4834 0 0 0
cpu1 3741 0 7076 424886 2079 0 2911 0 0 0
cpu2 3796 35 4835 429433 1680 0 2195 0 0 0
cpu3 3132 201 2592 433960 1458 0 1569 0 0 0
1777987021
cpu0 3962 0 13342 416066 1646 0 4836 0 0 0
cpu1 3742 0 7082 424978 2079 0 2914 0 0 0
cpu2 3796 35 4842 429523 1680 0 2198 0 0 0
cpu3 3133 201 2594 434055 1458 0 1570 0 0 0
1777987022
cpu0 3964 0 13360 416109 1646 0 4854 0 0 0
cpu1 3749 0 7144 424978 2079 0 2942 0 0 0
cpu2 3803 35 4895 429540 1680 0 2217 0 0 0
cpu3 3134 201 2598 434114 1458 0 1587 0 0 0
1777987023
cpu0 3965 0 13365 416167 1646 0 4874 0 0 0
cpu1 3757 0 7203 424988 2079 0 2966 0 0 0
cpu2 3810 35 4955 429551 1680 0 2241 0 0 0
cpu3 3136 201 2601 434177 1458 0 1605 0 0 0
1777987024
cpu0 3966 0 13367 416265 1646 0 4874 0 0 0
cpu1 3757 0 7203 425087 2079 0 2967 0 0 0
cpu2 3810 35 4956 429650 1680 0 2241 0 0 0
cpu3 3136 201 2603 434275 1458 0 1605 0 0 0
1777987025
cpu0 3966 0 13370 416348 1646 0 4877 0 0 0
cpu1 3761 0 7229 425146 2079 0 2979 0 0 0
cpu2 3812 35 4984 429709 1680 0 2252 0 0 0
cpu3 3137 201 2606 434356 1458 0 1610 0 0 0
1777987026
cpu0 3967 0 13374 416408 1646 0 4896 0 0 0
cpu1 3769 0 7292 425146 2079 0 3009 0 0 0
cpu2 3821 35 5051 429709 1680 0 2277 0 0 0
cpu3 3137 201 2610 434413 1458 0 1631 0 0 0
1777987027
cpu0 3968 0 13379 416483 1646 0 4908 0 0 0
cpu1 3773 0 7330 425187 2079 0 3027 0 0 0
cpu2 3827 35 5090 429750 1680 0 2291 0 0 0
cpu3 3139 201 2613 434485 1458 0 1647 0 0 0
