1777986178
cpu0 2500 0 3331 355183 1642 0 794 0 0 0
cpu1 2787 0 1292 357249 2074 0 202 0 0 0
cpu2 3107 35 1319 357340 1673 0 184 0 0 0
cpu3 2649 201 1319 357866 1452 0 181 0 0 0
1777986179
cpu0 2500 0 3331 355283 1642 0 794 0 0 0
cpu1 2787 0 1292 357348 2074 0 202 0 0 0
cpu2 3107 35 1320 357440 1673 0 184 0 0 0
cpu3 2649 201 1319 357966 1452 0 181 0 0 0
1777986180
cpu0 2501 0 3332 355376 1642 0 794 0 0 0
cpu1 2788 0 1293 357446 2074 0 202 0 0 0
cpu2 3107 35 1320 357538 1673 0 184 0 0 0
cpu3 2649 201 1319 358064 1452 0 181 0 0 0
1777986181
cpu0 2501 0 3332 355465 1642 0 795 0 0 0
cpu1 2788 0 1294 357543 2074 0 202 0 0 0
cpu2 3108 35 1321 357635 1673 0 185 0 0 0
cpu3 2650 201 1320 358162 1452 0 181 0 0 0
1777986182
cpu0 2501 0 3333 355560 1642 0 795 0 0 0
cpu1 2789 0 1294 357641 2074 0 203 0 0 0
cpu2 3108 35 1321 357733 1673 0 185 0 0 0
cpu3 2650 201 1320 358262 1452 0 181 0 0 0
1777986183
cpu0 2501 0 3333 355659 1642 0 795 0 0 0
cpu1 2789 0 1295 357740 2074 0 203 0 0 0
cpu2 3108 35 1321 357833 1673 0 185 0 0 0
cpu3 2650 201 1320 358361 1452 0 181 0 0 0
1777986184
cpu0 2501 0 3333 355737 1642 0 796 0 0 0
cpu1 2789 0 1296 357837 2074 0 203 0 0 0
cpu2 3109 35 1321 357929 1673 0 185 0 0 0
cpu3 2650 201 1321 358457 1452 0 181 0 0 0
1777986185
cpu0 2501 0 3333 355814 1642 0 797 0 0 0
cpu1 2789 0 1297 357932 2074 0 203 0 0 0
cpu2 3109 35 1321 358025 1673 0 185 0 0 0
cpu3 2650 201 1321 358552 1452 0 181 0 0 0
1777986186
cpu0 2501 0 3334 355911 1642 0 797 0 0 0
cpu1 2790 0 1298 358031 2074 0 203 0 0 0
cpu2 3109 35 1321 358124 1673 0 185 0 0 0
cpu3 2651 201 1321 358651 1452 0 181 0 0 0
1777986187
cpu0 2501 0 3334 356002 1642 0 797 0 0 0
cpu1 2790 0 1298 358129 2074 0 203 0 0 0
cpu2 3109 35 1322 358222 1673 0 185 0 0 0
cpu3 2651 201 1322 358748 1452 0 181 0 0 0
1777986188
cpu0 2501 0 3335 356066 1642 0 799 0 0 0
cpu1 2790 0 1299 358222 2074 0 203 0 0 0
cpu2 3109 35 1322 358316 1673 0 185 0 0 0
cpu3 2651 201 1323 358841 1452 0 181 0 0 0
1777986189
cpu0 2501 0 3336 356138 1642 0 799 0 0 0
cpu1 2791 0 1300 358316 2074 0 203 0 0 0
cpu2 3109 35 1322 358411 1673 0 185 0 0 0
cpu3 2652 201 1323 358934 1452 0 181 0 0 0
1777986190
cpu0 2501 0 3336 356238 1642 0 799 0 0 0
cpu1 2791 0 1301 358415 2074 0 203 0 0 0
cpu2 3110 35 1323 358511 1673 0 185 0 0 0
cpu3 2652 201 1324 359034 1452 0 181 0 0 0
1777986191
cpu0 2502 0 3337 356312 1642 0 800 0 0 0
cpu1 2791 0 1301 358508 2074 0 203 0 0 0
cpu2 3110 35 1323 358606 1673 0 185 0 0 0
cpu3 2653 201 1324 359129 1452 0 181 0 0 0
1777986192
cpu0 2502 0 3340 356364 1642 0 801 0 0 0
cpu1 2791 0 1302 358596 2074 0 203 0 0 0
cpu2 3110 35 1324 358698 1673 0 185 0 0 0
cpu3 2653 201 1324 359222 1452 0 181 0 0 0
1777986193
cpu0 2502 0 3341 356442 1642 0 801 0 0 0
cpu1 2792 0 1302 358691 2074 0 203 0 0 0
cpu2 3111 35 1324 358794 1673 0 185 0 0 0
cpu3 2654 201 1325 359318 1452 0 181 0 0 0
1777986194
cpu0 2502 0 3341 356542 1642 0 802 0 0 0
cpu1 2792 0 1303 358790 2074 0 203 0 0 0
cpu2 3111 35 1324 358893 1673 0 185 0 0 0
cpu3 2654 201 1326 359417 1452 0 181 0 0 0
1777986195
cpu0 2503 0 3348 356589 1642 0 803 0 0 0
cpu1 2792 0 1304 358881 2074 0 204 0 0 0
cpu2 3111 35 1324 358983 1673 0 185 0 0 0
cpu3 2654 201 1326 359505 1452 0 182 0 0 0
1777986196
cpu0 2504 0 3355 356627 1642 0 805 0 0 0
cpu1 2792 0 1304 358971 2074 0 204 0 0 0
cpu2 3111 35 1325 359071 1673 0 186 0 0 0
cpu3 2654 201 1327 359592 1452 0 182 0 0 0
1777986197
cpu0 2504 0 3356 356717 1642 0 805 0 0 0
cpu1 2792 0 1304 359069 2074 0 204 0 0 0
cpu2 3112 35 1325 359168 1673 0 186 0 0 0
cpu3 2655 201 1329 359688 1452 0 182 0 0 0
1777986198
cpu0 2505 0 3358 356805 1642 0 805 0 0 0
cpu1 2792 0 1304 359168 2074 0 204 0 0 0
cpu2 3112 35 1325 359265 1673 0 186 0 0 0
cpu3 2655 201 1330 359785 1452 0 182 0 0 0
1777986199
cpu0 2507 0 3380 356830 1642 0 808 0 0 0
cpu1 2793 0 1305 359255 2074 0 206 0 0 0
cpu2 3112 35 1326 359348 1673 0 187 0 0 0
cpu3 2655 201 1331 359866 1452 0 183 0 0 0
1777986200
cpu0 2509 0 3393 356868 1642 0 812 0 0 0
cpu1 2793 0 1305 359345 2074 0 206 0 0 0
cpu2 3112 35 1326 359435 1673 0 188 0 0 0
cpu3 2655 201 1332 359953 1452 0 183 0 0 0
1777986201
cpu0 2509 0 3393 356968 1642 0 812 0 0 0
cpu1 2793 0 1305 359445 2074 0 206 0 0 0
cpu2 3112 35 1327 359534 1673 0 188 0 0 0
cpu3 2655 201 1333 360052 1452 0 183 0 0 0
1777986202
cpu0 2512 0 3414 357026 1642 0 818 0 0 0
cpu1 2794 0 1305 359538 2074 0 207 0 0 0
cpu2 3113 35 1327 359628 1673 0 188 0 0 0
cpu3 2656 201 1333 360144 1452 0 184 0 0 0
1777986203
cpu0 2517 0 3454 357038 1642 0 830 0 0 0
cpu1 2795 0 1306 359622 2074 0 209 0 0 0
cpu2 3113 35 1327 359714 1673 0 191 0 0 0
cpu3 2657 201 1335 360225 1452 0 185 0 0 0
1777986204
cpu0 2519 0 3473 357092 1642 0 838 0 0 0
cpu1 2795 0 1306 359714 2074 0 209 0 0 0
cpu2 3113 35 1327 359807 1673 0 191 0 0 0
cpu3 2657 201 1336 360316 1452 0 186 0 0 0
1777986205
cpu0 2520 0 3473 357191 1642 0 838 0 0 0
cpu1 2795 0 1306 359814 2074 0 209 0 0 0
cpu2 3114 35 1328 359907 1673 0 191 0 0 0
cpu3 2657 201 1337 360414 1452 0 186 0 0 0
1777986206
cpu0 2526 0 3530 357213 1642 0 854 0 0 0
cpu1 2795 0 1307 359900 2074 0 213 0 0 0
cpu2 3114 35 1328 359989 1674 0 197 0 0 0
cpu3 2658 201 1338 360500 1452 0 189 0 0 0
1777986207
cpu0 2534 0 3602 357213 1642 0 874 0 0 0
cpu1 2796 0 1308 359982 2074 0 219 0 0 0
cpu2 3115 35 1328 360069 1674 0 204 0 0 0
cpu3 2658 201 1340 360583 1452 0 194 0 0 0
1777986208
cpu0 2536 0 3618 357292 1642 0 878 0 0 0
cpu1 2796 0 1308 360078 2074 0 221 0 0 0
cpu2 3115 35 1328 360164 1674 0 205 0 0 0
cpu3 2658 201 1340 360679 1452 0 195 0 0 0
1777986209
cpu0 2537 0 3626 357381 1642 0 880 0 0 0
cpu1 2796 0 1308 360176 2074 0 221 0 0 0
cpu2 3116 35 1329 360262 1674 0 206 0 0 0
cpu3 2659 201 1341 360776 1452 0 195 0 0 0
1777986210
cpu0 2545 0 3698 357381 1642 0 900 0 0 0
cpu1 2796 0 1309 360263 2074 0 225 0 0 0
cpu2 3116 35 1329 360339 1674 0 215 0 0 0
cpu3 2659 201 1343 360855 1452 0 201 0 0 0
1777986211
cpu0 2553 0 3762 357392 1642 0 919 0 0 0
cpu1 2796 0 1309 360352 2074 0 227 0 0 0
cpu2 3116 35 1329 360420 1674 0 219 0 0 0
cpu3 2659 201 1344 360936 1452 0 205 0 0 0
1777986212
cpu0 2553 0 3762 357492 1642 0 919 0 0 0
cpu1 2796 0 1309 360452 2074 0 227 0 0 0
cpu2 3116 35 1330 360520 1674 0 219 0 0 0
cpu3 2659 201 1345 361035 1452 0 205 0 0 0
1777986213
cpu0 2556 0 3793 357550 1642 0 927 0 0 0
cpu1 2797 0 1309 360545 2074 0 229 0 0 0
cpu2 3117 35 1330 360611 1674 0 220 0 0 0
cpu3 2660 201 1346 361125 1452 0 207 0 0 0
1777986214
cpu0 2564 0 3863 357550 1642 0 949 0 0 0
cpu1 2798 0 1310 360630 2074 0 232 0 0 0
cpu2 3117 35 1330 360692 1674 0 225 0 0 0
cpu3 2660 201 1347 361205 1452 0 211 0 0 0
1777986215
cpu0 2570 0 3904 357592 1642 0 960 0 0 0
cpu1 2798 0 1310 360722 2074 0 234 0 0 0
cpu2 3117 35 1331 360780 1674 0 229 0 0 0
cpu3 2661 201 1347 361293 1452 0 213 0 0 0
1777986216
cpu0 2570 0 3904 357692 1642 0 960 0 0 0
cpu1 2798 0 1310 360821 2074 0 234 0 0 0
cpu2 3117 35 1331 360880 1674 0 229 0 0 0
cpu3 2661 201 1348 361393 1452 0 213 0 0 0
1777986217
cpu0 2577 0 3955 357719 1642 0 976 0 0 0
cpu1 2798 0 1311 360906 2074 0 238 0 0 0
cpu2 3117 35 1332 360969 1674 0 231 0 0 0
cpu3 2662 201 1349 361474 1452 0 218 0 0 0
1777986218
cpu0 2586 0 4025 357719 1642 0 997 0 0 0
cpu1 2799 0 1312 360987 2074 0 244 0 0 0
cpu2 3118 35 1332 361055 1674 0 236 0 0 0
cpu3 2662 201 1350 361551 1452 0 225 0 0 0
1777986219
cpu0 2589 0 4044 357792 1642 0 1003 0 0 0
cpu1 2799 0 1312 361082 2074 0 245 0 0 0
cpu2 3118 35 1333 361151 1674 0 237 0 0 0
cpu3 2662 201 1351 361644 1452 0 227 0 0 0
1777986220
cpu0 2589 0 4048 357888 1642 0 1003 0 0 0
cpu1 2800 0 1312 361181 2074 0 245 0 0 0
cpu2 3118 35 1333 361250 1674 0 237 0 0 0
cpu3 2663 201 1351 361742 1452 0 227 0 0 0
1777986221
cpu0 2597 0 4120 357888 1642 0 1025 0 0 0
cpu1 2800 0 1313 361255 2074 0 251 0 0 0
cpu2 3119 35 1334 361335 1674 0 242 0 0 0
cpu3 2663 201 1353 361824 1452 0 232 0 0 0
1777986222
cpu0 2604 0 4189 357893 1642 0 1044 0 0 0
cpu1 2800 0 1313 361333 2074 0 260 0 0 0
cpu2 3119 35 1334 361421 1674 0 249 0 0 0
cpu3 2663 201 1353 361909 1452 0 235 0 0 0
1777986223
cpu0 2604 0 4189 357993 1642 0 1044 0 0 0
cpu1 2800 0 1314 361433 2074 0 260 0 0 0
cpu2 3119 35 1334 361520 1674 0 249 0 0 0
cpu3 2664 201 1353 362008 1452 0 235 0 0 0
1777986224
cpu0 2608 0 4214 358057 1642 0 1051 0 0 0
cpu1 2801 0 1314 361523 2074 0 261 0 0 0
cpu2 3119 35 1335 361614 1674 0 249 0 0 0
cpu3 2664 201 1354 362100 1452 0 236 0 0 0
1777986225
cpu0 2615 0 4288 358057 1642 0 1071 0 0 0
cpu1 2801 0 1314 361597 2074 0 273 0 0 0
cpu2 3119 35 1335 361698 1674 0 252 0 0 0
cpu3 2665 201 1356 362180 1452 0 242 0 0 0
1777986226
cpu0 2620 0 4335 358093 1642 0 1083 0 0 0
cpu1 2801 0 1315 361681 2074 0 280 0 0 0
cpu2 3119 35 1335 361787 1674 0 255 0 0 0
cpu3 2665 201 1357 362267 1452 0 246 0 0 0
