1777986337
cpu0 2797 0 5552 366535 1642 0 1535 0 0 0
cpu1 2944 0 2287 370567 2075 0 608 0 0 0
cpu2 3157 35 1414 372011 1674 0 438 0 0 0
cpu3 2725 201 1430 372466 1454 0 427 0 0 0
1777986338
cpu0 2798 0 5553 366634 1642 0 1535 0 0 0
cpu1 2944 0 2288 370666 2075 0 608 0 0 0
cpu2 3157 35 1414 372111 1674 0 438 0 0 0
cpu3 2725 201 1431 372565 1454 0 427 0 0 0
1777986339
cpu0 2798 0 5554 366727 1642 0 1535 0 0 0
cpu1 2944 0 2289 370761 2075 0 608 0 0 0
cpu2 3157 35 1415 372208 1674 0 438 0 0 0
cpu3 2725 201 1432 372662 1454 0 427 0 0 0
1777986340
cpu0 2798 0 5554 366818 1642 0 1536 0 0 0
cpu1 2945 0 2289 370855 2075 0 608 0 0 0
cpu2 3157 35 1416 372305 1674 0 438 0 0 0
cpu3 2725 201 1432 372759 1454 0 427 0 0 0
1777986341
cpu0 2799 0 5555 366916 1642 0 1536 0 0 0
cpu1 2945 0 2291 370953 2075 0 609 0 0 0
cpu2 3158 35 1416 372404 1674 0 438 0 0 0
cpu3 2726 201 1433 372859 1454 0 427 0 0 0
1777986342
cpu0 2799 0 5556 367012 1642 0 1536 0 0 0
cpu1 2945 0 2292 371049 2075 0 609 0 0 0
cpu2 3158 35 1416 372503 1674 0 438 0 0 0
cpu3 2726 201 1433 372957 1454 0 427 0 0 0
1777986343
cpu0 2799 0 5557 367094 1642 0 1537 0 0 0
cpu1 2946 0 2294 371136 2075 0 609 0 0 0
cpu2 3158 35 1417 372598 1674 0 438 0 0 0
cpu3 2726 201 1434 373051 1454 0 427 0 0 0
1777986344
cpu0 2800 0 5558 367180 1642 0 1537 0 0 0
cpu1 2946 0 2295 371225 2075 0 609 0 0 0
cpu2 3158 35 1417 372693 1674 0 438 0 0 0
cpu3 2726 201 1434 373146 1454 0 428 0 0 0
1777986345
cpu0 2800 0 5559 367279 1642 0 1537 0 0 0
cpu1 2946 0 2296 371324 2075 0 609 0 0 0
cpu2 3158 35 1417 372793 1674 0 438 0 0 0
cpu3 2727 201 1434 373246 1454 0 428 0 0 0
1777986346
cpu0 2800 0 5559 367371 1642 0 1537 0 0 0
cpu1 2947 0 2297 371409 2075 0 610 0 0 0
cpu2 3158 35 1418 372889 1674 0 439 0 0 0
cpu3 2727 201 1435 373343 1454 0 428 0 0 0
1777986347
cpu0 2801 0 5561 367435 1642 0 1539 0 0 0
cpu1 2947 0 2298 371498 2075 0 610 0 0 0
cpu2 3159 35 1419 372979 1674 0 439 0 0 0
cpu3 2728 201 1437 373435 1454 0 428 0 0 0
1777986348
cpu0 2801 0 5562 367517 1642 0 1539 0 0 0
cpu1 2947 0 2298 371593 2075 0 610 0 0 0
cpu2 3159 35 1420 373074 1674 0 439 0 0 0
cpu3 2729 201 1438 373531 1454 0 428 0 0 0
1777986349
cpu0 2801 0 5562 367617 1642 0 1539 0 0 0
cpu1 2948 0 2299 371693 2075 0 610 0 0 0
cpu2 3159 35 1420 373173 1674 0 439 0 0 0
cpu3 2729 201 1440 373629 1454 0 428 0 0 0
1777986350
cpu0 2801 0 5564 367698 1642 0 1540 0 0 0
cpu1 2948 0 2300 371762 2075 0 610 0 0 0
cpu2 3159 35 1421 373263 1674 0 439 0 0 0
cpu3 2729 201 1442 373719 1454 0 428 0 0 0
1777986351
cpu0 2802 0 5566 367761 1642 0 1541 0 0 0
cpu1 2948 0 2302 371838 2075 0 611 0 0 0
cpu2 3160 35 1422 373351 1674 0 439 0 0 0
cpu3 2730 201 1443 373808 1454 0 428 0 0 0
1777986352
cpu0 2802 0 5567 367852 1642 0 1541 0 0 0
cpu1 2949 0 2302 371936 2075 0 611 0 0 0
cpu2 3160 35 1423 373449 1674 0 440 0 0 0
cpu3 2730 201 1445 373905 1454 0 428 0 0 0
1777986353
cpu0 2803 0 5568 367943 1642 0 1542 0 0 0
cpu1 2949 0 2303 372033 2075 0 611 0 0 0
cpu2 3160 35 1423 373546 1674 0 440 0 0 0
cpu3 2730 201 1446 374002 1454 0 428 0 0 0
1777986354
cpu0 2804 0 5579 367985 1642 0 1545 0 0 0
cpu1 2950 0 2305 372112 2075 0 612 0 0 0
cpu2 3160 35 1424 373634 1674 0 440 0 0 0
cpu3 2731 201 1447 374087 1454 0 429 0 0 0
1777986355
cpu0 2804 0 5583 368055 1642 0 1546 0 0 0
cpu1 2950 0 2309 372174 2075 0 613 0 0 0
cpu2 3161 35 1425 373723 1674 0 440 0 0 0
cpu3 2731 201 1448 374176 1454 0 429 0 0 0
1777986356
cpu0 2804 0 5583 368155 1642 0 1546 0 0 0
cpu1 2951 0 2310 372273 2075 0 613 0 0 0
cpu2 3161 35 1426 373823 1674 0 440 0 0 0
cpu3 2731 201 1448 374275 1454 0 429 0 0 0
1777986357
cpu0 2805 0 5584 368244 1642 0 1548 0 0 0
cpu1 2952 0 2319 372342 2075 0 615 0 0 0
cpu2 3161 35 1428 373915 1674 0 441 0 0 0
cpu3 2732 201 1449 374367 1454 0 430 0 0 0
1777986358
cpu0 2806 0 5594 368300 1642 0 1552 0 0 0
cpu1 2953 0 2330 372390 2075 0 619 0 0 0
cpu2 3162 35 1429 374001 1674 0 443 0 0 0
cpu3 2732 201 1450 374452 1454 0 431 0 0 0
1777986359
cpu0 2807 0 5600 368376 1642 0 1555 0 0 0
cpu1 2955 0 2338 372459 2075 0 621 0 0 0
cpu2 3162 35 1430 374093 1674 0 444 0 0 0
cpu3 2732 201 1451 374543 1454 0 431 0 0 0
1777986360
cpu0 2808 0 5601 368475 1642 0 1555 0 0 0
cpu1 2955 0 2339 372559 2075 0 621 0 0 0
cpu2 3163 35 1431 374192 1674 0 444 0 0 0
cpu3 2732 201 1451 374643 1454 0 431 0 0 0
1777986361
cpu0 2812 0 5635 368511 1642 0 1569 0 0 0
cpu1 2956 0 2345 372639 2075 0 624 0 0 0
cpu2 3163 35 1431 374281 1674 0 445 0 0 0
cpu3 2733 201 1453 374727 1454 0 434 0 0 0
1777986362
cpu0 2818 0 5680 368531 1642 0 1583 0 0 0
cpu1 2957 0 2354 372709 2075 0 629 0 0 0
cpu2 3163 35 1432 374368 1674 0 448 0 0 0
cpu3 2734 201 1453 374806 1454 0 436 0 0 0
1777986363
cpu0 2820 0 5693 368607 1642 0 1588 0 0 0
cpu1 2957 0 2355 372804 2075 0 630 0 0 0
cpu2 3164 35 1433 374464 1674 0 448 0 0 0
cpu3 2734 201 1454 374900 1454 0 437 0 0 0
1777986364
cpu0 2820 0 5694 368704 1642 0 1588 0 0 0
cpu1 2958 0 2359 372897 2075 0 631 0 0 0
cpu2 3164 35 1433 374563 1674 0 448 0 0 0
cpu3 2734 201 1455 374998 1454 0 438 0 0 0
1777986365
cpu0 2820 0 5695 368779 1642 0 1595 0 0 0
cpu1 2965 0 2437 372897 2075 0 646 0 0 0
cpu2 3164 35 1435 374639 1674 0 454 0 0 0
cpu3 2735 201 1455 375074 1454 0 446 0 0 0
1777986366
cpu0 2821 0 5696 368857 1642 0 1599 0 0 0
cpu1 2972 0 2505 372906 2075 0 658 0 0 0
cpu2 3164 35 1436 374717 1674 0 458 0 0 0
cpu3 2735 201 1456 375153 1454 0 452 0 0 0
1777986367
cpu0 2821 0 5696 368956 1642 0 1599 0 0 0
cpu1 2973 0 2505 373005 2075 0 658 0 0 0
cpu2 3165 35 1437 374815 1674 0 458 0 0 0
cpu3 2735 201 1456 375251 1454 0 452 0 0 0
1777986368
cpu0 2823 0 5721 369019 1642 0 1609 0 0 0
cpu1 2973 0 2506 373096 2075 0 661 0 0 0
cpu2 3165 35 1438 374906 1674 0 462 0 0 0
cpu3 2735 201 1458 375345 1454 0 454 0 0 0
1777986369
cpu0 2830 0 5791 369019 1642 0 1632 0 0 0
cpu1 2973 0 2508 373177 2075 0 668 0 0 0
cpu2 3166 35 1439 374982 1674 0 471 0 0 0
cpu3 2736 201 1459 375430 1454 0 460 0 0 0
1777986370
cpu0 2835 0 5834 369056 1642 0 1647 0 0 0
cpu1 2975 0 2509 373264 2075 0 674 0 0 0
cpu2 3166 35 1440 375066 1675 0 476 0 0 0
cpu3 2736 201 1460 375521 1454 0 463 0 0 0
1777986371
cpu0 2835 0 5835 369156 1642 0 1647 0 0 0
cpu1 2975 0 2510 373364 2075 0 674 0 0 0
cpu2 3166 35 1441 375165 1675 0 476 0 0 0
cpu3 2736 201 1460 375620 1454 0 464 0 0 0
1777986372
cpu0 2840 0 5885 369187 1642 0 1661 0 0 0
cpu1 2975 0 2510 373448 2075 0 680 0 0 0
cpu2 3167 35 1442 375248 1675 0 481 0 0 0
cpu3 2737 201 1461 375704 1454 0 468 0 0 0
1777986373
cpu0 2849 0 5960 369187 1642 0 1677 0 0 0
cpu1 2975 0 2512 373529 2075 0 685 0 0 0
cpu2 3167 35 1443 375326 1675 0 489 0 0 0
cpu3 2737 201 1462 375781 1454 0 476 0 0 0
1777986374
cpu0 2853 0 5981 369256 1642 0 1684 0 0 0
cpu1 2976 0 2513 373621 2075 0 687 0 0 0
cpu2 3168 35 1444 375419 1675 0 491 0 0 0
cpu3 2738 201 1462 375874 1454 0 478 0 0 0
1777986375
cpu0 2853 0 5982 369356 1642 0 1684 0 0 0
cpu1 2976 0 2513 373721 2075 0 687 0 0 0
cpu2 3168 35 1445 375517 1675 0 491 0 0 0
cpu3 2738 201 1463 375973 1454 0 478 0 0 0
1777986376
cpu0 2854 0 5983 369430 1642 0 1694 0 0 0
cpu1 2983 0 2582 373721 2075 0 712 0 0 0
cpu2 3169 35 1447 375599 1675 0 498 0 0 0
cpu3 2738 201 1463 376054 1454 0 486 0 0 0
1777986377
cpu0 2855 0 5984 369505 1642 0 1705 0 0 0
cpu1 2990 0 2652 373722 2075 0 734 0 0 0
cpu2 3169 35 1448 375682 1675 0 505 0 0 0
cpu3 2739 201 1464 376136 1454 0 494 0 0 0
1777986378
cpu0 2855 0 5985 369604 1642 0 1705 0 0 0
cpu1 2990 0 2653 373822 2075 0 734 0 0 0
cpu2 3170 35 1450 375781 1675 0 505 0 0 0
cpu3 2739 201 1464 376235 1454 0 494 0 0 0
1777986379
cpu0 2855 0 5986 369695 1642 0 1708 0 0 0
cpu1 2993 0 2674 373890 2075 0 742 0 0 0
cpu2 3170 35 1451 375875 1675 0 508 0 0 0
cpu3 2740 201 1465 376328 1454 0 495 0 0 0
1777986380
cpu0 2856 0 5987 369771 1642 0 1714 0 0 0
cpu1 3000 0 2743 373890 2075 0 766 0 0 0
cpu2 3170 35 1453 375959 1675 0 513 0 0 0
cpu3 2740 201 1466 376408 1454 0 501 0 0 0
1777986381
cpu0 2856 0 5988 369854 1642 0 1721 0 0 0
cpu1 3005 0 2794 373922 2075 0 780 0 0 0
cpu2 3171 35 1454 376048 1675 0 516 0 0 0
cpu3 2740 201 1467 376494 1454 0 507 0 0 0
1777986382
cpu0 2856 0 5988 369953 1642 0 1721 0 0 0
cpu1 3005 0 2794 374022 2075 0 780 0 0 0
cpu2 3171 35 1454 376148 1675 0 517 0 0 0
cpu3 2741 201 1468 376593 1454 0 507 0 0 0
1777986383
cpu0 2857 0 5989 370037 1642 0 1727 0 0 0
cpu1 3009 0 2839 374058 2075 0 794 0 0 0
cpu2 3172 35 1456 376238 1675 0 519 0 0 0
cpu3 2741 201 1468 376676 1454 0 514 0 0 0
1777986384
cpu0 2857 0 5990 370116 1642 0 1733 0 0 0
cpu1 3017 0 2913 374058 2075 0 812 0 0 0
cpu2 3173 35 1458 376326 1675 0 523 0 0 0
cpu3 2741 201 1468 376753 1454 0 523 0 0 0
1777986385
cpu0 2858 0 5990 370208 1642 0 1738 0 0 0
cpu1 3020 0 2939 374122 2075 0 820 0 0 0
cpu2 3174 35 1460 376420 1675 0 524 0 0 0
cpu3 2741 201 1469 376844 1454 0 526 0 0 0
