1777986661
cpu0 3337 0 9311 390778 1644 0 2918 0 0 0
cpu1 3204 0 3866 398237 2079 0 1412 0 0 0
cpu2 3445 35 3288 399616 1675 0 1213 0 0 0
cpu3 2894 201 1826 402055 1457 0 929 0 0 0
1777986662
cpu0 3337 0 9312 390877 1644 0 2918 0 0 0
cpu1 3204 0 3867 398336 2079 0 1412 0 0 0
cpu2 3445 35 3289 399716 1675 0 1213 0 0 0
cpu3 2894 201 1828 402153 1457 0 929 0 0 0
1777986663
cpu0 3338 0 9313 390967 1644 0 2919 0 0 0
cpu1 3205 0 3868 398433 2079 0 1413 0 0 0
cpu2 3446 35 3290 399812 1675 0 1213 0 0 0
cpu3 2895 201 1829 402250 1457 0 929 0 0 0
1777986664
cpu0 3338 0 9314 391055 1644 0 2919 0 0 0
cpu1 3205 0 3869 398530 2079 0 1413 0 0 0
cpu2 3446 35 3291 399909 1675 0 1213 0 0 0
cpu3 2896 201 1831 402346 1457 0 929 0 0 0
1777986665
cpu0 3338 0 9316 391149 1644 0 2920 0 0 0
cpu1 3205 0 3871 398627 2079 0 1413 0 0 0
cpu2 3447 35 3291 400007 1675 0 1213 0 0 0
cpu3 2896 201 1832 402443 1457 0 929 0 0 0
1777986666
cpu0 3339 0 9316 391248 1644 0 2920 0 0 0
cpu1 3206 0 3872 398726 2079 0 1413 0 0 0
cpu2 3447 35 3292 400106 1675 0 1213 0 0 0
cpu3 2897 201 1834 402542 1457 0 929 0 0 0
1777986667
cpu0 3340 0 9318 391322 1644 0 2921 0 0 0
cpu1 3206 0 3874 398820 2079 0 1413 0 0 0
cpu2 3448 35 3293 400200 1675 0 1213 0 0 0
cpu3 2897 201 1836 402636 1457 0 929 0 0 0
1777986668
cpu0 3341 0 9319 391395 1644 0 2922 0 0 0
cpu1 3206 0 3876 398914 2079 0 1413 0 0 0
cpu2 3448 35 3294 400294 1675 0 1213 0 0 0
cpu3 2898 201 1837 402732 1457 0 929 0 0 0
1777986669
cpu0 3341 0 9320 391491 1644 0 2922 0 0 0
cpu1 3207 0 3877 399012 2079 0 1413 0 0 0
cpu2 3449 35 3295 400393 1675 0 1213 0 0 0
cpu3 2898 201 1838 402831 1457 0 929 0 0 0
1777986670
cpu0 3341 0 9322 391580 1644 0 2922 0 0 0
cpu1 3208 0 3878 399109 2079 0 1413 0 0 0
cpu2 3449 35 3296 400489 1675 0 1213 0 0 0
cpu3 2898 201 1840 402927 1457 0 929 0 0 0
1777986671
cpu0 3342 0 9324 391641 1644 0 2923 0 0 0
cpu1 3208 0 3879 399200 2079 0 1414 0 0 0
cpu2 3449 35 3297 400580 1675 0 1213 0 0 0
cpu3 2899 201 1841 403018 1457 0 929 0 0 0
1777986672
cpu0 3343 0 9326 391711 1644 0 2924 0 0 0
cpu1 3209 0 3881 399294 2079 0 1414 0 0 0
cpu2 3449 35 3298 400673 1675 0 1213 0 0 0
cpu3 2900 201 1843 403110 1457 0 929 0 0 0
1777986673
cpu0 3343 0 9327 391809 1644 0 2924 0 0 0
cpu1 3209 0 3882 399393 2079 0 1414 0 0 0
cpu2 3450 35 3299 400771 1675 0 1213 0 0 0
cpu3 2900 201 1844 403208 1457 0 929 0 0 0
1777986674
cpu0 3344 0 9331 391879 1644 0 2925 0 0 0
cpu1 3210 0 3882 399486 2079 0 1414 0 0 0
cpu2 3450 35 3300 400865 1675 0 1213 0 0 0
cpu3 2901 201 1846 403301 1457 0 929 0 0 0
1777986675
cpu0 3344 0 9337 391925 1644 0 2928 0 0 0
cpu1 3210 0 3884 399574 2079 0 1414 0 0 0
cpu2 3451 35 3302 400955 1675 0 1214 0 0 0
cpu3 2902 201 1848 403389 1457 0 930 0 0 0
1777986676
cpu0 3346 0 9340 391999 1644 0 2929 0 0 0
cpu1 3210 0 3885 399668 2079 0 1414 0 0 0
cpu2 3451 35 3303 401049 1675 0 1214 0 0 0
cpu3 2903 201 1850 403483 1457 0 930 0 0 0
1777986677
cpu0 3346 0 9340 392097 1644 0 2929 0 0 0
cpu1 3211 0 3886 399765 2079 0 1414 0 0 0
cpu2 3452 35 3305 401147 1675 0 1214 0 0 0
cpu3 2904 201 1851 403581 1457 0 930 0 0 0
1777986678
cpu0 3347 0 9350 392139 1644 0 2932 0 0 0
cpu1 3212 0 3888 399852 2079 0 1415 0 0 0
cpu2 3452 35 3306 401238 1675 0 1214 0 0 0
cpu3 2904 201 1854 403668 1457 0 930 0 0 0
1777986679
cpu0 3348 0 9361 392171 1644 0 2935 0 0 0
cpu1 3212 0 3890 399937 2079 0 1416 0 0 0
cpu2 3453 35 3308 401328 1675 0 1215 0 0 0
cpu3 2905 201 1855 403754 1457 0 931 0 0 0
1777986680
cpu0 3349 0 9364 392259 1644 0 2936 0 0 0
cpu1 3212 0 3891 400034 2079 0 1416 0 0 0
cpu2 3453 35 3309 401425 1675 0 1215 0 0 0
cpu3 2906 201 1857 403850 1457 0 932 0 0 0
1777986681
cpu0 3350 0 9369 392346 1644 0 2936 0 0 0
cpu1 3213 0 3893 400129 2079 0 1417 0 0 0
cpu2 3453 35 3310 401521 1675 0 1216 0 0 0
cpu3 2906 201 1858 403947 1457 0 932 0 0 0
1777986682
cpu0 3353 0 9394 392364 1644 0 2942 0 0 0
cpu1 3214 0 3895 400209 2079 0 1419 0 0 0
cpu2 3454 35 3312 401603 1675 0 1218 0 0 0
cpu3 2907 201 1860 404030 1457 0 933 0 0 0
1777986683
cpu0 3356 0 9416 392395 1644 0 2948 0 0 0
cpu1 3214 0 3897 400293 2079 0 1419 0 0 0
cpu2 3454 35 3314 401689 1675 0 1219 0 0 0
cpu3 2908 201 1862 404116 1457 0 934 0 0 0
1777986684
cpu0 3356 0 9417 392494 1644 0 2948 0 0 0
cpu1 3215 0 3898 400391 2079 0 1420 0 0 0
cpu2 3455 35 3315 401787 1675 0 1219 0 0 0
cpu3 2908 201 1863 404214 1457 0 935 0 0 0
1777986685
cpu0 3360 0 9446 392548 1644 0 2955 0 0 0
cpu1 3215 0 3900 400480 2079 0 1421 0 0 0
cpu2 3455 35 3317 401878 1675 0 1220 0 0 0
cpu3 2909 201 1864 404305 1457 0 935 0 0 0
1777986686
cpu0 3368 0 9508 392551 1644 0 2971 0 0 0
cpu1 3216 0 3902 400557 2079 0 1425 0 0 0
cpu2 3455 35 3318 401959 1675 0 1224 0 0 0
cpu3 2910 201 1866 404387 1457 0 938 0 0 0
1777986687
cpu0 3372 0 9542 392600 1644 0 2978 0 0 0
cpu1 3217 0 3905 400644 2079 0 1427 0 0 0
cpu2 3456 35 3319 402048 1675 0 1225 0 0 0
cpu3 2911 201 1867 404477 1457 0 940 0 0 0
1777986688
cpu0 3372 0 9543 392698 1644 0 2978 0 0 0
cpu1 3217 0 3906 400742 2079 0 1427 0 0 0
cpu2 3456 35 3321 402147 1675 0 1225 0 0 0
cpu3 2911 201 1868 404575 1457 0 940 0 0 0
1777986689
cpu0 3378 0 9599 392720 1644 0 2995 0 0 0
cpu1 3218 0 3908 400828 2079 0 1431 0 0 0
cpu2 3457 35 3322 402229 1676 0 1229 0 0 0
cpu3 2912 201 1870 404656 1457 0 945 0 0 0
1777986690
cpu0 3388 0 9671 392720 1644 0 3014 0 0 0
cpu1 3219 0 3911 400911 2079 0 1435 0 0 0
cpu2 3457 35 3323 402308 1676 0 1232 0 0 0
cpu3 2913 201 1872 404732 1457 0 951 0 0 0
1777986691
cpu0 3390 0 9687 392798 1644 0 3019 0 0 0
cpu1 3219 0 3912 401007 2079 0 1436 0 0 0
cpu2 3458 35 3324 402403 1676 0 1234 0 0 0
cpu3 2913 201 1874 404825 1457 0 952 0 0 0
1777986692
cpu0 3391 0 9694 392887 1644 0 3020 0 0 0
cpu1 3220 0 3913 401105 2079 0 1436 0 0 0
cpu2 3458 35 3325 402500 1676 0 1235 0 0 0
cpu3 2914 201 1876 404921 1457 0 952 0 0 0
1777986693
cpu0 3399 0 9766 392887 1644 0 3041 0 0 0
cpu1 3221 0 3914 401186 2079 0 1440 0 0 0
cpu2 3459 35 3327 402572 1676 0 1240 0 0 0
cpu3 2915 201 1879 404999 1457 0 957 0 0 0
1777986694
cpu0 3407 0 9833 392898 1644 0 3057 0 0 0
cpu1 3222 0 3916 401270 2079 0 1443 0 0 0
cpu2 3459 35 3328 402648 1676 0 1245 0 0 0
cpu3 2915 201 1881 405080 1457 0 961 0 0 0
1777986695
cpu0 3407 0 9833 392997 1644 0 3057 0 0 0
cpu1 3222 0 3917 401369 2079 0 1443 0 0 0
cpu2 3460 35 3329 402747 1676 0 1245 0 0 0
cpu3 2915 201 1882 405179 1457 0 961 0 0 0
1777986696
cpu0 3411 0 9863 393055 1644 0 3065 0 0 0
cpu1 3222 0 3918 401459 2079 0 1445 0 0 0
cpu2 3460 35 3331 402835 1676 0 1246 0 0 0
cpu3 2916 201 1884 405272 1457 0 962 0 0 0
1777986697
cpu0 3419 0 9936 393055 1644 0 3084 0 0 0
cpu1 3224 0 3920 401537 2079 0 1451 0 0 0
cpu2 3460 35 3332 402909 1676 0 1254 0 0 0
cpu3 2916 201 1887 405355 1457 0 965 0 0 0
1777986698
cpu0 3423 0 9979 393096 1644 0 3096 0 0 0
cpu1 3224 0 3923 401624 2079 0 1454 0 0 0
cpu2 3461 35 3334 402993 1676 0 1257 0 0 0
cpu3 2917 201 1889 405445 1457 0 966 0 0 0
1777986699
cpu0 3424 0 9980 393195 1644 0 3097 0 0 0
cpu1 3224 0 3923 401723 2079 0 1454 0 0 0
cpu2 3461 35 3335 403092 1676 0 1257 0 0 0
cpu3 2917 201 1890 405544 1457 0 966 0 0 0
1777986700
cpu0 3429 0 10028 393222 1644 0 3116 0 0 0
cpu1 3225 0 3926 401811 2079 0 1456 0 0 0
cpu2 3462 35 3336 403173 1676 0 1261 0 0 0
cpu3 2917 201 1892 405629 1457 0 969 0 0 0
1777986701
cpu0 3438 0 10097 393222 1644 0 3139 0 0 0
cpu1 3225 0 3929 401895 2079 0 1459 0 0 0
cpu2 3462 35 3337 403251 1676 0 1266 0 0 0
cpu3 2918 201 1894 405711 1457 0 973 0 0 0
1777986702
cpu0 3440 0 10117 393294 1644 0 3145 0 0 0
cpu1 3226 0 3930 401990 2079 0 1461 0 0 0
cpu2 3463 35 3339 403343 1676 0 1267 0 0 0
cpu3 2918 201 1895 405806 1457 0 974 0 0 0
1777986703
cpu0 3441 0 10122 393388 1644 0 3146 0 0 0
cpu1 3227 0 3932 402087 2079 0 1461 0 0 0
cpu2 3463 35 3339 403441 1676 0 1267 0 0 0
cpu3 2919 201 1896 405903 1457 0 974 0 0 0
1777986704
cpu0 3450 0 10186 393388 1644 0 3173 0 0 0
cpu1 3227 0 3933 402163 2079 0 1467 0 0 0
cpu2 3464 35 3341 403525 1676 0 1269 0 0 0
cpu3 2919 201 1899 405986 1457 0 978 0 0 0
1777986705
cpu0 3458 0 10251 393393 1644 0 3197 0 0 0
cpu1 3227 0 3935 402241 2079 0 1472 0 0 0
cpu2 3464 35 3343 403611 1676 0 1273 0 0 0
cpu3 2920 201 1901 406070 1457 0 980 0 0 0
1777986706
cpu0 3458 0 10252 393491 1644 0 3197 0 0 0
cpu1 3228 0 3936 402340 2079 0 1472 0 0 0
cpu2 3464 35 3344 403709 1676 0 1274 0 0 0
cpu3 2920 201 1902 406168 1457 0 980 0 0 0
1777986707
cpu0 3461 0 10279 393555 1644 0 3204 0 0 0
cpu1 3229 0 3938 402431 2079 0 1474 0 0 0
cpu2 3465 35 3344 403801 1676 0 1275 0 0 0
cpu3 2921 201 1904 406257 1457 0 982 0 0 0
1777986708
cpu0 3469 0 10352 393555 1644 0 3223 0 0 0
cpu1 3229 0 3940 402512 2079 0 1479 0 0 0
cpu2 3465 35 3346 403881 1676 0 1281 0 0 0
cpu3 2921 201 1906 406331 1457 0 987 0 0 0
1777986709
cpu0 3473 0 10401 393590 1644 0 3235 0 0 0
cpu1 3230 0 3942 402600 2079 0 1482 0 0 0
cpu2 3466 35 3347 403968 1676 0 1284 0 0 0
cpu3 2921 201 1908 406413 1457 0 991 0 0 0
