1777987252
cpu0 4550 0 17521 430903 1646 0 6202 0 0 0
cpu1 4007 0 8490 444138 2082 0 3529 0 0 0
cpu2 3999 35 5589 449829 1682 0 2636 0 0 0
cpu3 3328 201 3219 454466 1459 0 1989 0 0 0
1777987253
cpu0 4550 0 17523 431000 1646 0 6203 0 0 0
cpu1 4007 0 8492 444236 2082 0 3530 0 0 0
cpu2 4000 35 5591 449927 1682 0 2636 0 0 0
cpu3 3329 201 3221 454563 1459 0 1989 0 0 0
1777987254
cpu0 4551 0 17525 431090 1647 0 6204 0 0 0
cpu1 4008 0 8493 444329 2082 0 3530 0 0 0
cpu2 4000 35 5593 450022 1682 0 2636 0 0 0
cpu3 3329 201 3223 454659 1459 0 1990 0 0 0
1777987255
cpu0 4551 0 17528 431179 1647 0 6204 0 0 0
cpu1 4009 0 8494 444418 2082 0 3530 0 0 0
cpu2 4000 35 5595 450118 1682 0 2637 0 0 0
cpu3 3330 201 3226 454753 1459 0 1990 0 0 0
1777987256
cpu0 4551 0 17530 431273 1647 0 6205 0 0 0
cpu1 4009 0 8497 444512 2082 0 3531 0 0 0
cpu2 4001 35 5597 450214 1682 0 2637 0 0 0
cpu3 3331 201 3227 454849 1459 0 1990 0 0 0
1777987257
cpu0 4552 0 17532 431371 1647 0 6205 0 0 0
cpu1 4010 0 8499 444610 2082 0 3531 0 0 0
cpu2 4001 35 5599 450311 1682 0 2637 0 0 0
cpu3 3331 201 3229 454947 1459 0 1990 0 0 0
1777987258
cpu0 4553 0 17534 431452 1647 0 6206 0 0 0
cpu1 4010 0 8501 444691 2082 0 3531 0 0 0
cpu2 4001 35 5601 450403 1682 0 2637 0 0 0
cpu3 3332 201 3231 455040 1459 0 1990 0 0 0
1777987259
cpu0 4554 0 17537 431531 1647 0 6206 0 0 0
cpu1 4011 0 8504 444771 2082 0 3532 0 0 0
cpu2 4002 35 5604 450493 1682 0 2637 0 0 0
cpu3 3333 201 3234 455131 1459 0 1990 0 0 0
1777987260
cpu0 4554 0 17540 431627 1647 0 6207 0 0 0
cpu1 4012 0 8506 444867 2082 0 3532 0 0 0
cpu2 4003 35 5607 450589 1682 0 2637 0 0 0
cpu3 3333 201 3237 455227 1459 0 1990 0 0 0
1777987261
cpu0 4556 0 17541 431717 1647 0 6207 0 0 0
cpu1 4013 0 8508 444958 2082 0 3532 0 0 0
cpu2 4003 35 5609 450685 1682 0 2637 0 0 0
cpu3 3334 201 3239 455322 1459 0 1990 0 0 0
1777987262
cpu0 4556 0 17544 431786 1647 0 6209 0 0 0
cpu1 4013 0 8511 445027 2082 0 3534 0 0 0
cpu2 4004 35 5611 450775 1682 0 2637 0 0 0
cpu3 3335 201 3242 455411 1459 0 1990 0 0 0
1777987263
cpu0 4557 0 17548 431862 1647 0 6209 0 0 0
cpu1 4014 0 8515 445103 2082 0 3534 0 0 0
cpu2 4005 35 5613 450866 1682 0 2638 0 0 0
cpu3 3336 201 3245 455502 1459 0 1990 0 0 0
1777987264
cpu0 4557 0 17549 431960 1647 0 6210 0 0 0
cpu1 4014 0 8517 445201 2082 0 3534 0 0 0
cpu2 4005 35 5615 450963 1682 0 2638 0 0 0
cpu3 3337 201 3248 455598 1459 0 1991 0 0 0
1777987265
cpu0 4558 0 17552 432038 1647 0 6211 0 0 0
cpu1 4015 0 8520 445279 2082 0 3535 0 0 0
cpu2 4006 35 5618 451055 1682 0 2638 0 0 0
cpu3 3337 201 3250 455689 1459 0 1991 0 0 0
1777987266
cpu0 4559 0 17555 432099 1647 0 6212 0 0 0
cpu1 4015 0 8524 445339 2082 0 3537 0 0 0
cpu2 4007 35 5621 451142 1682 0 2638 0 0 0
cpu3 3338 201 3253 455773 1459 0 1991 0 0 0
1777987267
cpu0 4559 0 17558 432181 1647 0 6214 0 0 0
cpu1 4016 0 8527 445419 2082 0 3537 0 0 0
cpu2 4008 35 5624 451234 1682 0 2638 0 0 0
cpu3 3338 201 3256 455864 1459 0 1991 0 0 0
1777987268
cpu0 4560 0 17560 432279 1647 0 6214 0 0 0
cpu1 4017 0 8528 445517 2082 0 3538 0 0 0
cpu2 4009 35 5627 451330 1682 0 2638 0 0 0
cpu3 3339 201 3259 455962 1459 0 1991 0 0 0
1777987269
cpu0 4561 0 17565 432337 1647 0 6217 0 0 0
cpu1 4018 0 8533 445574 2082 0 3539 0 0 0
cpu2 4010 35 5631 451412 1682 0 2639 0 0 0
cpu3 3340 201 3263 456044 1459 0 1992 0 0 0
1777987270
cpu0 4562 0 17571 432388 1647 0 6218 0 0 0
cpu1 4019 0 8538 445628 2082 0 3540 0 0 0
cpu2 4011 35 5634 451495 1682 0 2639 0 0 0
cpu3 3341 201 3266 456127 1459 0 1992 0 0 0
1777987271
cpu0 4563 0 17575 432478 1647 0 6219 0 0 0
cpu1 4019 0 8541 445718 2082 0 3541 0 0 0
cpu2 4012 35 5635 451590 1682 0 2640 0 0 0
cpu3 3341 201 3268 456222 1459 0 1992 0 0 0
1777987272
cpu0 4563 0 17579 432566 1647 0 6219 0 0 0
cpu1 4020 0 8545 445806 2082 0 3541 0 0 0
cpu2 4013 35 5637 451685 1682 0 2640 0 0 0
cpu3 3341 201 3270 456318 1459 0 1993 0 0 0
1777987273
cpu0 4565 0 17589 432608 1647 0 6226 0 0 0
cpu1 4021 0 8556 445849 2082 0 3545 0 0 0
cpu2 4014 35 5641 451762 1682 0 2642 0 0 0
cpu3 3342 201 3273 456399 1459 0 1994 0 0 0
1777987274
cpu0 4567 0 17595 432659 1647 0 6229 0 0 0
cpu1 4022 0 8563 445901 2082 0 3548 0 0 0
cpu2 4015 35 5645 451842 1682 0 2643 0 0 0
cpu3 3344 201 3277 456483 1459 0 1994 0 0 0
1777987275
cpu0 4567 0 17597 432758 1647 0 6229 0 0 0
cpu1 4022 0 8564 446000 2082 0 3548 0 0 0
cpu2 4015 35 5648 451938 1682 0 2643 0 0 0
cpu3 3344 201 3280 456580 1459 0 1994 0 0 0
1777987276
cpu0 4568 0 17604 432825 1647 0 6233 0 0 0
cpu1 4023 0 8572 446066 2082 0 3552 0 0 0
cpu2 4016 35 5652 452026 1682 0 2644 0 0 0
cpu3 3345 201 3282 456665 1460 0 1996 0 0 0
1777987277
cpu0 4570 0 17619 432856 1647 0 6243 0 0 0
cpu1 4025 0 8588 446099 2082 0 3557 0 0 0
cpu2 4017 35 5655 452107 1682 0 2647 0 0 0
cpu3 3347 201 3286 456738 1460 0 1998 0 0 0
1777987278
cpu0 4571 0 17628 432919 1647 0 6249 0 0 0
cpu1 4027 0 8598 446162 2082 0 3561 0 0 0
cpu2 4018 35 5658 452196 1682 0 2648 0 0 0
cpu3 3348 201 3290 456822 1460 0 1999 0 0 0
1777987279
cpu0 4572 0 17630 433016 1647 0 6249 0 0 0
cpu1 4027 0 8600 446260 2082 0 3561 0 0 0
cpu2 4019 35 5661 452293 1682 0 2648 0 0 0
cpu3 3348 201 3294 456919 1460 0 1999 0 0 0
1777987280
cpu0 4575 0 17648 433055 1647 0 6260 0 0 0
cpu1 4030 0 8618 446299 2082 0 3566 0 0 0
cpu2 4020 35 5664 452374 1682 0 2652 0 0 0
cpu3 3350 201 3296 456990 1460 0 2003 0 0 0
1777987281
cpu0 4579 0 17668 433080 1647 0 6270 0 0 0
cpu1 4034 0 8640 446324 2082 0 3574 0 0 0
cpu2 4021 35 5670 452450 1682 0 2655 0 0 0
cpu3 3351 201 3300 457056 1460 0 2007 0 0 0
1777987282
cpu0 4580 0 17673 433164 1647 0 6273 0 0 0
cpu1 4034 0 8646 446408 2082 0 3576 0 0 0
cpu2 4022 35 5673 452543 1682 0 2656 0 0 0
cpu3 3352 201 3303 457147 1460 0 2008 0 0 0
1777987283
cpu0 4581 0 17679 433251 1647 0 6277 0 0 0
cpu1 4036 0 8650 446496 2082 0 3579 0 0 0
cpu2 4023 35 5676 452638 1682 0 2657 0 0 0
cpu3 3353 201 3307 457240 1460 0 2009 0 0 0
1777987284
cpu0 4588 0 17714 433259 1647 0 6313 0 0 0
cpu1 4041 0 8693 446509 2082 0 3591 0 0 0
cpu2 4024 35 5681 452711 1682 0 2663 0 0 0
cpu3 3354 201 3311 457317 1460 0 2014 0 0 0
1777987285
cpu0 4592 0 17745 433280 1647 0 6342 0 0 0
cpu1 4045 0 8725 446536 2082 0 3601 0 0 0
cpu2 4025 35 5686 452787 1682 0 2668 0 0 0
cpu3 3355 201 3317 457396 1460 0 2018 0 0 0
1777987286
cpu0 4592 0 17745 433378 1647 0 6343 0 0 0
cpu1 4045 0 8726 446635 2082 0 3601 0 0 0
cpu2 4026 35 5689 452883 1682 0 2668 0 0 0
cpu3 3356 201 3319 457492 1460 0 2018 0 0 0
1777987287
cpu0 4595 0 17768 433437 1647 0 6356 0 0 0
cpu1 4049 0 8751 446693 2082 0 3609 0 0 0
cpu2 4027 35 5693 452968 1682 0 2671 0 0 0
cpu3 3356 201 3323 457575 1460 0 2020 0 0 0
1777987288
cpu0 4599 0 17815 433445 1647 0 6382 0 0 0
cpu1 4054 0 8803 446702 2082 0 3630 0 0 0
cpu2 4029 35 5698 453037 1682 0 2677 0 0 0
cpu3 3358 201 3328 457639 1460 0 2030 0 0 0
1777987289
cpu0 4603 0 17839 433495 1647 0 6397 0 0 0
cpu1 4058 0 8830 446752 2082 0 3640 0 0 0
cpu2 4031 35 5704 453117 1682 0 2682 0 0 0
cpu3 3360 201 3333 457716 1460 0 2036 0 0 0
1777987290
cpu0 4604 0 17840 433593 1647 0 6398 0 0 0
cpu1 4059 0 8832 446850 2082 0 3640 0 0 0
cpu2 4031 35 5707 453214 1682 0 2682 0 0 0
cpu3 3361 201 3335 457813 1460 0 2036 0 0 0
1777987291
cpu0 4610 0 17876 433620 1647 0 6425 0 0 0
cpu1 4065 0 8880 446873 2082 0 3662 0 0 0
cpu2 4032 35 5710 453289 1682 0 2687 0 0 0
cpu3 3362 201 3338 457887 1460 0 2040 0 0 0
1777987292
cpu0 4616 0 17936 433622 1647 0 6453 0 0 0
cpu1 4074 0 8938 446875 2082 0 3690 0 0 0
cpu2 4033 35 5715 453356 1682 0 2695 0 0 0
cpu3 3363 201 3343 457951 1460 0 2051 0 0 0
1777987293
cpu0 4618 0 17949 433699 1647 0 6460 0 0 0
cpu1 4077 0 8954 446951 2082 0 3695 0 0 0
cpu2 4034 35 5719 453445 1682 0 2698 0 0 0
cpu3 3364 201 3347 458040 1460 0 2054 0 0 0
1777987294
cpu0 4619 0 17955 433790 1647 0 6463 0 0 0
cpu1 4078 0 8961 447041 2082 0 3697 0 0 0
cpu2 4035 35 5722 453539 1682 0 2699 0 0 0
cpu3 3364 201 3349 458135 1460 0 2054 0 0 0
1777987295
cpu0 4626 0 18020 433790 1647 0 6491 0 0 0
cpu1 4085 0 9018 447041 2082 0 3735 0 0 0
cpu2 4036 35 5727 453600 1682 0 2713 0 0 0
cpu3 3365 201 3355 458196 1460 0 2065 0 0 0
1777987296
cpu0 4634 0 18078 433799 1647 0 6517 0 0 0
cpu1 4092 0 9076 447050 2082 0 3761 0 0 0
cpu2 4037 35 5732 453665 1682 0 2725 0 0 0
cpu3 3366 201 3360 458260 1460 0 2078 0 0 0
1777987297
cpu0 4634 0 18079 433897 1647 0 6517 0 0 0
cpu1 4092 0 9077 447148 2082 0 3761 0 0 0
cpu2 4037 35 5735 453762 1682 0 2725 0 0 0
cpu3 3367 201 3363 458357 1460 0 2078 0 0 0
1777987298
cpu0 4636 0 18101 433957 1647 0 6534 0 0 0
cpu1 4096 0 9104 447207 2082 0 3773 0 0 0
cpu2 4038 35 5738 453847 1682 0 2728 0 0 0
cpu3 3367 201 3366 458449 1460 0 2080 0 0 0
1777987299
cpu0 4642 0 18151 433957 1647 0 6580 0 0 0
cpu1 4103 0 9165 447207 2082 0 3806 0 0 0
cpu2 4040 35 5745 453910 1682 0 2741 0 0 0
cpu3 3368 201 3371 458530 1460 0 2085 0 0 0
1777987300
cpu0 4648 0 18181 433997 1647 0 6604 0 0 0
cpu1 4109 0 9199 447247 2082 0 3825 0 0 0
cpu2 4042 35 5750 453987 1682 0 2746 0 0 0
cpu3 3369 201 3375 458618 1460 0 2088 0 0 0
