1777987093
cpu0 4147 0 14565 420930 1646 0 5224 0 0 0
cpu1 3822 0 7489 431131 2080 0 3113 0 0 0
cpu2 3870 35 5207 435768 1680 0 2369 0 0 0
cpu3 3206 201 2779 440447 1459 0 1724 0 0 0
1777987094
cpu0 4148 0 14566 421028 1646 0 5224 0 0 0
cpu1 3822 0 7490 431229 2080 0 3113 0 0 0
cpu2 3871 35 5208 435866 1680 0 2369 0 0 0
cpu3 3206 201 2782 440544 1459 0 1724 0 0 0
1777987095
cpu0 4149 0 14568 421114 1646 0 5224 0 0 0
cpu1 3822 0 7492 431324 2081 0 3113 0 0 0
cpu2 3871 35 5210 435962 1680 0 2369 0 0 0
cpu3 3207 201 2784 440640 1459 0 1724 0 0 0
1777987096
cpu0 4149 0 14571 421200 1646 0 5225 0 0 0
cpu1 3823 0 7494 431419 2081 0 3114 0 0 0
cpu2 3872 35 5211 436057 1680 0 2369 0 0 0
cpu3 3207 201 2787 440736 1459 0 1724 0 0 0
1777987097
cpu0 4149 0 14572 421296 1646 0 5225 0 0 0
cpu1 3823 0 7496 431517 2081 0 3114 0 0 0
cpu2 3872 35 5213 436155 1680 0 2369 0 0 0
cpu3 3207 201 2789 440833 1459 0 1724 0 0 0
1777987098
cpu0 4150 0 14575 421388 1646 0 5225 0 0 0
cpu1 3824 0 7498 431613 2081 0 3114 0 0 0
cpu2 3873 35 5215 436251 1680 0 2369 0 0 0
cpu3 3208 201 2792 440929 1459 0 1724 0 0 0
1777987099
cpu0 4150 0 14577 421461 1646 0 5226 0 0 0
cpu1 3825 0 7500 431705 2081 0 3114 0 0 0
cpu2 3873 35 5218 436342 1680 0 2369 0 0 0
cpu3 3209 201 2794 441021 1459 0 1724 0 0 0
1777987100
cpu0 4150 0 14579 421537 1646 0 5227 0 0 0
cpu1 3825 0 7502 431798 2081 0 3114 0 0 0
cpu2 3873 35 5219 436436 1680 0 2369 0 0 0
cpu3 3210 201 2796 441115 1459 0 1724 0 0 0
1777987101
cpu0 4151 0 14581 421636 1646 0 5227 0 0 0
cpu1 3825 0 7504 431896 2081 0 3114 0 0 0
cpu2 3874 35 5221 436534 1680 0 2369 0 0 0
cpu3 3210 201 2798 441212 1459 0 1724 0 0 0
1777987102
cpu0 4152 0 14583 421713 1646 0 5227 0 0 0
cpu1 3826 0 7506 431991 2081 0 3114 0 0 0
cpu2 3874 35 5223 436626 1680 0 2369 0 0 0
cpu3 3211 201 2801 441304 1459 0 1724 0 0 0
1777987103
cpu0 4153 0 14587 421771 1646 0 5228 0 0 0
cpu1 3827 0 7509 432082 2081 0 3114 0 0 0
cpu2 3875 35 5226 436713 1680 0 2369 0 0 0
cpu3 3212 201 2804 441392 1459 0 1724 0 0 0
1777987104
cpu0 4153 0 14590 421849 1646 0 5229 0 0 0
cpu1 3828 0 7510 432177 2081 0 3114 0 0 0
cpu2 3876 35 5228 436805 1680 0 2369 0 0 0
cpu3 3213 201 2806 441485 1459 0 1724 0 0 0
1777987105
cpu0 4154 0 14592 421946 1646 0 5229 0 0 0
cpu1 3829 0 7511 432275 2081 0 3114 0 0 0
cpu2 3877 35 5230 436902 1680 0 2369 0 0 0
cpu3 3213 201 2808 441583 1459 0 1724 0 0 0
1777987106
cpu0 4154 0 14598 422000 1646 0 5230 0 0 0
cpu1 3829 0 7514 432364 2081 0 3115 0 0 0
cpu2 3877 35 5233 436989 1680 0 2370 0 0 0
cpu3 3214 201 2811 441672 1459 0 1724 0 0 0
1777987107
cpu0 4155 0 14604 422043 1646 0 5232 0 0 0
cpu1 3831 0 7516 432451 2081 0 3116 0 0 0
cpu2 3878 35 5236 437075 1680 0 2370 0 0 0
cpu3 3215 201 2814 441759 1459 0 1725 0 0 0
1777987108
cpu0 4156 0 14608 422128 1646 0 5232 0 0 0
cpu1 3832 0 7518 432547 2081 0 3116 0 0 0
cpu2 3879 35 5237 437170 1680 0 2370 0 0 0
cpu3 3216 201 2816 441855 1459 0 1725 0 0 0
1777987109
cpu0 4157 0 14612 422218 1646 0 5233 0 0 0
cpu1 3832 0 7521 432641 2081 0 3116 0 0 0
cpu2 3880 35 5240 437266 1680 0 2370 0 0 0
cpu3 3216 201 2818 441951 1459 0 1725 0 0 0
1777987110
cpu0 4160 0 14630 422244 1646 0 5238 0 0 0
cpu1 3832 0 7524 432724 2081 0 3118 0 0 0
cpu2 3881 35 5243 437348 1680 0 2371 0 0 0
cpu3 3217 201 2822 442039 1459 0 1726 0 0 0
1777987111
cpu0 4162 0 14643 422279 1646 0 5241 0 0 0
cpu1 3833 0 7527 432809 2081 0 3118 0 0 0
cpu2 3881 35 5246 437434 1680 0 2372 0 0 0
cpu3 3217 201 2824 442129 1459 0 1726 0 0 0
1777987112
cpu0 4162 0 14645 422377 1646 0 5241 0 0 0
cpu1 3833 0 7529 432906 2081 0 3118 0 0 0
cpu2 3881 35 5248 437531 1680 0 2372 0 0 0
cpu3 3218 201 2825 442227 1459 0 1726 0 0 0
1777987113
cpu0 4166 0 14661 422438 1646 0 5245 0 0 0
cpu1 3834 0 7532 432997 2081 0 3119 0 0 0
cpu2 3882 35 5250 437621 1680 0 2374 0 0 0
cpu3 3218 201 2829 442315 1459 0 1727 0 0 0
1777987114
cpu0 4170 0 14701 422450 1646 0 5255 0 0 0
cpu1 3835 0 7536 433082 2081 0 3121 0 0 0
cpu2 3883 35 5252 437701 1680 0 2377 0 0 0
cpu3 3220 201 2832 442394 1459 0 1730 0 0 0
1777987115
cpu0 4173 0 14721 422499 1646 0 5261 0 0 0
cpu1 3836 0 7537 433173 2081 0 3122 0 0 0
cpu2 3883 35 5254 437790 1680 0 2378 0 0 0
cpu3 3220 201 2834 442483 1459 0 1731 0 0 0
1777987116
cpu0 4173 0 14723 422597 1646 0 5261 0 0 0
cpu1 3837 0 7539 433271 2081 0 3122 0 0 0
cpu2 3884 35 5256 437888 1680 0 2378 0 0 0
cpu3 3220 201 2836 442581 1459 0 1731 0 0 0
1777987117
cpu0 4179 0 14774 422624 1646 0 5270 0 0 0
cpu1 3838 0 7542 433351 2081 0 3126 0 0 0
cpu2 3885 35 5258 437967 1680 0 2382 0 0 0
cpu3 3221 201 2839 442664 1459 0 1733 0 0 0
1777987118
cpu0 4186 0 14840 422628 1646 0 5280 0 0 0
cpu1 3839 0 7546 433426 2081 0 3130 0 0 0
cpu2 3886 35 5260 438041 1680 0 2387 0 0 0
cpu3 3222 201 2843 442743 1459 0 1736 0 0 0
1777987119
cpu0 4188 0 14856 422701 1646 0 5283 0 0 0
cpu1 3839 0 7548 433518 2081 0 3131 0 0 0
cpu2 3886 35 5262 438133 1680 0 2389 0 0 0
cpu3 3223 201 2845 442836 1459 0 1737 0 0 0
1777987120
cpu0 4189 0 14862 422795 1646 0 5284 0 0 0
cpu1 3840 0 7551 433614 2081 0 3133 0 0 0
cpu2 3887 35 5263 438230 1680 0 2390 0 0 0
cpu3 3224 201 2848 442932 1459 0 1738 0 0 0
1777987121
cpu0 4197 0 14930 422795 1646 0 5308 0 0 0
cpu1 3841 0 7554 433692 2081 0 3138 0 0 0
cpu2 3887 35 5265 438312 1680 0 2394 0 0 0
cpu3 3225 201 2852 443001 1459 0 1745 0 0 0
1777987122
cpu0 4205 0 15000 422800 1646 0 5326 0 0 0
cpu1 3841 0 7557 433773 2081 0 3140 0 0 0
cpu2 3887 35 5267 438395 1680 0 2397 0 0 0
cpu3 3225 201 2854 443074 1459 0 1752 0 0 0
1777987123
cpu0 4206 0 15001 422898 1646 0 5326 0 0 0
cpu1 3842 0 7559 433871 2081 0 3141 0 0 0
cpu2 3888 35 5268 438493 1680 0 2397 0 0 0
cpu3 3226 201 2857 443171 1459 0 1752 0 0 0
1777987124
cpu0 4209 0 15026 422960 1646 0 5335 0 0 0
cpu1 3843 0 7563 433960 2081 0 3143 0 0 0
cpu2 3888 35 5271 438584 1680 0 2399 0 0 0
cpu3 3227 201 2859 443261 1459 0 1754 0 0 0
1777987125
cpu0 4217 0 15094 422960 1646 0 5360 0 0 0
cpu1 3843 0 7566 434039 2081 0 3147 0 0 0
cpu2 3889 35 5274 438666 1680 0 2403 0 0 0
cpu3 3228 201 2863 443338 1459 0 1758 0 0 0
1777987126
cpu0 4222 0 15137 422996 1646 0 5376 0 0 0
cpu1 3844 0 7569 434126 2081 0 3149 0 0 0
cpu2 3889 35 5276 438753 1680 0 2406 0 0 0
cpu3 3228 201 2865 443424 1459 0 1762 0 0 0
1777987127
cpu0 4223 0 15139 423094 1646 0 5376 0 0 0
cpu1 3844 0 7570 434225 2081 0 3149 0 0 0
cpu2 3890 35 5277 438851 1680 0 2406 0 0 0
cpu3 3228 201 2867 443522 1459 0 1762 0 0 0
1777987128
cpu0 4228 0 15187 423126 1646 0 5391 0 0 0
cpu1 3845 0 7574 434303 2081 0 3154 0 0 0
cpu2 3891 35 5280 438935 1680 0 2409 0 0 0
cpu3 3230 201 2871 443608 1459 0 1764 0 0 0
1777987129
cpu0 4236 0 15261 423126 1646 0 5410 0 0 0
cpu1 3845 0 7577 434376 2081 0 3158 0 0 0
cpu2 3891 35 5282 439014 1680 0 2414 0 0 0
cpu3 3231 201 2875 443691 1459 0 1767 0 0 0
1777987130
cpu0 4240 0 15284 423193 1646 0 5417 0 0 0
cpu1 3846 0 7579 434467 2081 0 3160 0 0 0
cpu2 3892 35 5284 439106 1680 0 2415 0 0 0
cpu3 3232 201 2878 443784 1459 0 1767 0 0 0
1777987131
cpu0 4240 0 15285 423291 1646 0 5417 0 0 0
cpu1 3847 0 7580 434565 2081 0 3160 0 0 0
cpu2 3893 35 5285 439203 1680 0 2415 0 0 0
cpu3 3232 201 2880 443882 1459 0 1767 0 0 0
1777987132
cpu0 4248 0 15356 423291 1646 0 5437 0 0 0
cpu1 3848 0 7582 434640 2081 0 3165 0 0 0
cpu2 3893 35 5288 439283 1680 0 2420 0 0 0
cpu3 3233 201 2884 443962 1459 0 1770 0 0 0
1777987133
cpu0 4256 0 15427 423292 1646 0 5458 0 0 0
cpu1 3849 0 7586 434716 2081 0 3171 0 0 0
cpu2 3894 35 5289 439362 1680 0 2425 0 0 0
cpu3 3235 201 2887 444042 1459 0 1773 0 0 0
1777987134
cpu0 4256 0 15429 423389 1646 0 5458 0 0 0
cpu1 3850 0 7588 434813 2081 0 3171 0 0 0
cpu2 3894 35 5291 439459 1680 0 2425 0 0 0
cpu3 3235 201 2888 444140 1459 0 1773 0 0 0
1777987135
cpu0 4259 0 15452 423458 1646 0 5465 0 0 0
cpu1 3850 0 7590 434903 2081 0 3173 0 0 0
cpu2 3894 35 5293 439551 1680 0 2428 0 0 0
cpu3 3236 201 2890 444231 1459 0 1775 0 0 0
1777987136
cpu0 4267 0 15523 423458 1646 0 5486 0 0 0
cpu1 3852 0 7594 434980 2081 0 3177 0 0 0
cpu2 3895 35 5295 439628 1680 0 2434 0 0 0
cpu3 3237 201 2894 444309 1459 0 1780 0 0 0
1777987137
cpu0 4274 0 15572 423488 1646 0 5500 0 0 0
cpu1 3852 0 7596 435064 2081 0 3180 0 0 0
cpu2 3896 35 5297 439711 1680 0 2437 0 0 0
cpu3 3238 201 2897 444394 1459 0 1782 0 0 0
1777987138
cpu0 4275 0 15574 423584 1646 0 5500 0 0 0
cpu1 3853 0 7598 435161 2081 0 3180 0 0 0
cpu2 3896 35 5298 439808 1680 0 2437 0 0 0
cpu3 3239 201 2898 444491 1459 0 1782 0 0 0
1777987139
cpu0 4281 0 15615 423622 1646 0 5516 0 0 0
cpu1 3854 0 7601 435245 2081 0 3184 0 0 0
cpu2 3896 35 5300 439894 1680 0 2439 0 0 0
cpu3 3240 201 2901 444576 1459 0 1785 0 0 0
1777987140
cpu0 4289 0 15681 423622 1646 0 5543 0 0 0
cpu1 3855 0 7605 435324 2081 0 3189 0 0 0
cpu2 3897 35 5302 439974 1680 0 2442 0 0 0
cpu3 3240 201 2905 444656 1459 0 1788 0 0 0
1777987141
cpu0 4292 0 15708 423682 1646 0 5553 0 0 0
cpu1 3855 0 7607 435415 2081 0 3191 0 0 0
cpu2 3898 35 5305 440065 1680 0 2443 0 0 0
cpu3 3241 201 2907 444747 1459 0 1789 0 0 0
