1777986443
cpu0 2909 0 6313 375110 1643 0 1932 0 0 0
cpu1 3080 0 3342 378924 2075 0 1006 0 0 0
cpu2 3237 35 1897 381260 1675 0 678 0 0 0
cpu3 2787 201 1530 382200 1456 0 616 0 0 0
1777986444
cpu0 2909 0 6313 375210 1643 0 1932 0 0 0
cpu1 3080 0 3344 379022 2075 0 1006 0 0 0
cpu2 3237 35 1898 381359 1675 0 678 0 0 0
cpu3 2787 201 1531 382300 1456 0 616 0 0 0
1777986445
cpu0 2910 0 6314 375305 1643 0 1932 0 0 0
cpu1 3081 0 3345 379118 2075 0 1007 0 0 0
cpu2 3238 35 1899 381451 1675 0 678 0 0 0
cpu3 2787 201 1531 382397 1456 0 616 0 0 0
1777986446
cpu0 2910 0 6315 375400 1643 0 1933 0 0 0
cpu1 3081 0 3346 379213 2075 0 1007 0 0 0
cpu2 3238 35 1900 381542 1675 0 678 0 0 0
cpu3 2787 201 1532 382495 1456 0 616 0 0 0
1777986447
cpu0 2910 0 6316 375499 1643 0 1933 0 0 0
cpu1 3081 0 3347 379311 2075 0 1007 0 0 0
cpu2 3239 35 1901 381639 1675 0 679 0 0 0
cpu3 2787 201 1532 382594 1456 0 616 0 0 0
1777986448
cpu0 2911 0 6317 375594 1643 0 1933 0 0 0
cpu1 3082 0 3349 379408 2075 0 1007 0 0 0
cpu2 3239 35 1902 381736 1675 0 679 0 0 0
cpu3 2788 201 1533 382691 1456 0 616 0 0 0
1777986450
cpu0 2911 0 6317 375676 1643 0 1934 0 0 0
cpu1 3082 0 3351 379496 2075 0 1007 0 0 0
cpu2 3239 35 1903 381830 1675 0 679 0 0 0
cpu3 2788 201 1534 382785 1456 0 616 0 0 0
1777986451
cpu0 2912 0 6318 375766 1643 0 1934 0 0 0
cpu1 3082 0 3352 379587 2075 0 1008 0 0 0
cpu2 3239 35 1904 381919 1675 0 679 0 0 0
cpu3 2788 201 1534 382880 1456 0 616 0 0 0
1777986452
cpu0 2912 0 6319 375866 1643 0 1934 0 0 0
cpu1 3083 0 3353 379686 2075 0 1008 0 0 0
cpu2 3240 35 1905 382018 1675 0 679 0 0 0
cpu3 2789 201 1535 382979 1456 0 617 0 0 0
1777986453
cpu0 2912 0 6320 375958 1643 0 1935 0 0 0
cpu1 3083 0 3354 379770 2075 0 1008 0 0 0
cpu2 3240 35 1907 382110 1675 0 679 0 0 0
cpu3 2789 201 1535 383074 1456 0 617 0 0 0
1777986454
cpu0 2913 0 6321 376025 1643 0 1936 0 0 0
cpu1 3083 0 3355 379863 2075 0 1008 0 0 0
cpu2 3241 35 1908 382196 1675 0 679 0 0 0
cpu3 2789 201 1537 383167 1456 0 617 0 0 0
1777986455
cpu0 2913 0 6322 376117 1643 0 1936 0 0 0
cpu1 3084 0 3357 379947 2075 0 1009 0 0 0
cpu2 3241 35 1909 382292 1675 0 679 0 0 0
cpu3 2790 201 1537 383262 1456 0 617 0 0 0
1777986456
cpu0 2913 0 6322 376217 1643 0 1936 0 0 0
cpu1 3084 0 3357 380046 2075 0 1009 0 0 0
cpu2 3241 35 1909 382391 1675 0 679 0 0 0
cpu3 2791 201 1538 383361 1456 0 617 0 0 0
1777986457
cpu0 2914 0 6325 376280 1643 0 1937 0 0 0
cpu1 3084 0 3359 380133 2075 0 1009 0 0 0
cpu2 3242 35 1911 382480 1675 0 680 0 0 0
cpu3 2791 201 1539 383451 1456 0 617 0 0 0
1777986458
cpu0 2915 0 6327 376344 1643 0 1938 0 0 0
cpu1 3085 0 3361 380207 2075 0 1010 0 0 0
cpu2 3242 35 1912 382569 1675 0 680 0 0 0
cpu3 2792 201 1540 383539 1456 0 617 0 0 0
1777986459
cpu0 2915 0 6328 376442 1643 0 1938 0 0 0
cpu1 3086 0 3363 380298 2075 0 1010 0 0 0
cpu2 3243 35 1913 382664 1675 0 680 0 0 0
cpu3 2792 201 1540 383636 1456 0 617 0 0 0
1777986460
cpu0 2915 0 6329 376540 1643 0 1938 0 0 0
cpu1 3087 0 3365 380390 2075 0 1010 0 0 0
cpu2 3243 35 1914 382762 1675 0 680 0 0 0
cpu3 2793 201 1541 383734 1456 0 617 0 0 0
1777986461
cpu0 2916 0 6331 376622 1643 0 1939 0 0 0
cpu1 3089 0 3370 380451 2075 0 1012 0 0 0
cpu2 3244 35 1918 382824 1675 0 682 0 0 0
cpu3 2794 201 1542 383821 1456 0 617 0 0 0
1777986462
cpu0 2917 0 6332 376708 1643 0 1940 0 0 0
cpu1 3089 0 3374 380519 2075 0 1013 0 0 0
cpu2 3245 35 1922 382890 1675 0 683 0 0 0
cpu3 2795 201 1544 383910 1456 0 618 0 0 0
1777986463
cpu0 2917 0 6333 376806 1643 0 1940 0 0 0
cpu1 3089 0 3375 380618 2075 0 1013 0 0 0
cpu2 3246 35 1923 382989 1675 0 683 0 0 0
cpu3 2795 201 1545 384009 1456 0 618 0 0 0
1777986464
cpu0 2918 0 6337 376890 1643 0 1942 0 0 0
cpu1 3090 0 3379 380703 2075 0 1014 0 0 0
cpu2 3246 35 1929 383067 1675 0 685 0 0 0
cpu3 2795 201 1546 384102 1456 0 619 0 0 0
1777986465
cpu0 2919 0 6344 376960 1643 0 1944 0 0 0
cpu1 3091 0 3385 380769 2075 0 1016 0 0 0
cpu2 3248 35 1941 383118 1675 0 690 0 0 0
cpu3 2795 201 1547 384189 1456 0 620 0 0 0
1777986466
cpu0 2920 0 6353 377029 1643 0 1947 0 0 0
cpu1 3092 0 3391 380848 2075 0 1017 0 0 0
cpu2 3249 35 1943 383204 1675 0 691 0 0 0
cpu3 2795 201 1548 384282 1456 0 620 0 0 0
1777986467
cpu0 2921 0 6354 377129 1643 0 1947 0 0 0
cpu1 3092 0 3391 380947 2075 0 1017 0 0 0
cpu2 3249 35 1945 383303 1675 0 691 0 0 0
cpu3 2796 201 1549 384380 1456 0 620 0 0 0
1777986468
cpu0 2922 0 6367 377195 1643 0 1954 0 0 0
cpu1 3095 0 3409 381009 2075 0 1024 0 0 0
cpu2 3251 35 1954 383375 1675 0 698 0 0 0
cpu3 2796 201 1550 384465 1456 0 622 0 0 0
1777986469
cpu0 2927 0 6400 377225 1643 0 1965 0 0 0
cpu1 3095 0 3412 381089 2075 0 1027 0 0 0
cpu2 3253 35 1967 383436 1675 0 702 0 0 0
cpu3 2797 201 1551 384548 1456 0 625 0 0 0
1777986470
cpu0 2927 0 6402 377318 1643 0 1965 0 0 0
cpu1 3096 0 3415 381179 2075 0 1028 0 0 0
cpu2 3254 35 1978 383517 1675 0 705 0 0 0
cpu3 2797 201 1552 384643 1456 0 625 0 0 0
1777986471
cpu0 2928 0 6406 377412 1643 0 1966 0 0 0
cpu1 3096 0 3415 381278 2075 0 1028 0 0 0
cpu2 3254 35 1979 383615 1675 0 705 0 0 0
cpu3 2797 201 1553 384741 1456 0 626 0 0 0
1777986472
cpu0 2930 0 6428 377464 1643 0 1980 0 0 0
cpu1 3097 0 3417 381356 2076 0 1034 0 0 0
cpu2 3259 35 2030 383639 1675 0 721 0 0 0
cpu3 2798 201 1553 384819 1456 0 635 0 0 0
1777986473
cpu0 2931 0 6428 377540 1643 0 1989 0 0 0
cpu1 3098 0 3419 381437 2076 0 1039 0 0 0
cpu2 3266 35 2099 383645 1675 0 740 0 0 0
cpu3 2798 201 1555 384899 1456 0 641 0 0 0
1777986474
cpu0 2931 0 6429 377639 1643 0 1989 0 0 0
cpu1 3099 0 3420 381536 2076 0 1039 0 0 0
cpu2 3267 35 2100 383743 1675 0 740 0 0 0
cpu3 2798 201 1555 384997 1456 0 641 0 0 0
1777986475
cpu0 2934 0 6454 377703 1643 0 1998 0 0 0
cpu1 3099 0 3421 381630 2076 0 1042 0 0 0
cpu2 3267 35 2100 383833 1675 0 745 0 0 0
cpu3 2798 201 1557 385090 1456 0 645 0 0 0
1777986476
cpu0 2941 0 6525 377703 1643 0 2019 0 0 0
cpu1 3100 0 3422 381714 2076 0 1046 0 0 0
cpu2 3267 35 2101 383907 1675 0 756 0 0 0
cpu3 2799 201 1559 385170 1456 0 653 0 0 0
1777986477
cpu0 2947 0 6569 377739 1643 0 2034 0 0 0
cpu1 3100 0 3423 381804 2076 0 1050 0 0 0
cpu2 3268 35 2103 383990 1675 0 763 0 0 0
cpu3 2800 201 1561 385258 1456 0 657 0 0 0
1777986478
cpu0 2947 0 6569 377838 1643 0 2034 0 0 0
cpu1 3100 0 3424 381904 2076 0 1050 0 0 0
cpu2 3268 35 2103 384088 1675 0 763 0 0 0
cpu3 2800 201 1562 385356 1456 0 657 0 0 0
1777986479
cpu0 2948 0 6572 377918 1643 0 2042 0 0 0
cpu1 3101 0 3425 381989 2076 0 1056 0 0 0
cpu2 3272 35 2147 384125 1675 0 778 0 0 0
cpu3 2801 201 1564 385442 1456 0 664 0 0 0
1777986480
cpu0 2952 0 6614 377948 1643 0 2061 0 0 0
cpu1 3101 0 3426 382069 2076 0 1062 0 0 0
cpu2 3275 35 2176 384172 1675 0 795 0 0 0
cpu3 2802 201 1565 385525 1456 0 670 0 0 0
1777986481
cpu0 2955 0 6638 378015 1643 0 2068 0 0 0
cpu1 3101 0 3428 382162 2076 0 1064 0 0 0
cpu2 3276 35 2176 384265 1675 0 798 0 0 0
cpu3 2802 201 1566 385618 1456 0 672 0 0 0
1777986482
cpu0 2955 0 6639 378114 1643 0 2068 0 0 0
cpu1 3102 0 3429 382261 2076 0 1064 0 0 0
cpu2 3276 35 2177 384364 1675 0 798 0 0 0
cpu3 2802 201 1567 385717 1456 0 672 0 0 0
1777986483
cpu0 2955 0 6640 378185 1643 0 2076 0 0 0
cpu1 3102 0 3430 382343 2076 0 1070 0 0 0
cpu2 3282 35 2250 384366 1675 0 817 0 0 0
cpu3 2802 201 1569 385802 1456 0 677 0 0 0
1777986484
cpu0 2955 0 6641 378257 1643 0 2089 0 0 0
cpu1 3103 0 3432 382426 2076 0 1077 0 0 0
cpu2 3290 35 2324 384366 1675 0 836 0 0 0
cpu3 2802 201 1570 385887 1456 0 681 0 0 0
1777986485
cpu0 2956 0 6641 378355 1643 0 2090 0 0 0
cpu1 3103 0 3432 382524 2076 0 1078 0 0 0
cpu2 3290 35 2325 384464 1675 0 836 0 0 0
cpu3 2803 201 1572 385986 1456 0 682 0 0 0
1777986486
cpu0 2956 0 6642 378447 1643 0 2093 0 0 0
cpu1 3104 0 3433 382616 2076 0 1081 0 0 0
cpu2 3292 35 2348 384535 1675 0 841 0 0 0
cpu3 2803 201 1574 386079 1456 0 683 0 0 0
1777986487
cpu0 2963 0 6712 378447 1643 0 2117 0 0 0
cpu1 3104 0 3436 382693 2076 0 1089 0 0 0
cpu2 3292 35 2351 384614 1675 0 848 0 0 0
cpu3 2804 201 1575 386165 1456 0 688 0 0 0
1777986488
cpu0 2967 0 6762 378477 1643 0 2133 0 0 0
cpu1 3104 0 3437 382778 2076 0 1092 0 0 0
cpu2 3292 35 2352 384700 1675 0 851 0 0 0
cpu3 2805 201 1576 386255 1456 0 690 0 0 0
1777986489
cpu0 2967 0 6763 378576 1643 0 2133 0 0 0
cpu1 3104 0 3437 382877 2076 0 1092 0 0 0
cpu2 3292 35 2353 384798 1675 0 851 0 0 0
cpu3 2805 201 1577 386354 1456 0 690 0 0 0
1777986490
cpu0 2967 0 6764 378664 1643 0 2137 0 0 0
cpu1 3107 0 3482 382917 2076 0 1105 0 0 0
cpu2 3293 35 2355 384885 1675 0 854 0 0 0
cpu3 2805 201 1577 386442 1456 0 695 0 0 0
1777986491
cpu0 2969 0 6765 378744 1643 0 2143 0 0 0
cpu1 3115 0 3553 382917 2076 0 1127 0 0 0
cpu2 3294 35 2357 384966 1675 0 859 0 0 0
cpu3 2807 201 1578 386524 1456 0 702 0 0 0
1777986492
cpu0 2969 0 6766 378837 1643 0 2146 0 0 0
cpu1 3118 0 3581 382977 2076 0 1136 0 0 0
cpu2 3294 35 2358 385058 1675 0 862 0 0 0
cpu3 2807 201 1578 386616 1456 0 704 0 0 0
