1777986716
cpu0 3477 0 10411 394226 1644 0 3237 0 0 0
cpu1 3235 0 3955 403232 2079 0 1482 0 0 0
cpu2 3491 35 3362 404576 1677 0 1284 0 0 0
cpu3 2926 201 1919 407048 1457 0 992 0 0 0
1777986717
cpu0 3477 0 10412 394324 1644 0 3237 0 0 0
cpu1 3235 0 3956 403330 2079 0 1483 0 0 0
cpu2 3492 35 3364 404674 1677 0 1284 0 0 0
cpu3 2927 201 1920 407146 1457 0 992 0 0 0
1777986718
cpu0 3478 0 10413 394417 1644 0 3237 0 0 0
cpu1 3235 0 3958 403423 2079 0 1483 0 0 0
cpu2 3492 35 3365 404771 1677 0 1284 0 0 0
cpu3 2927 201 1921 407242 1457 0 992 0 0 0
1777986719
cpu0 3478 0 10415 394508 1644 0 3238 0 0 0
cpu1 3236 0 3959 403514 2079 0 1484 0 0 0
cpu2 3492 35 3367 404867 1677 0 1284 0 0 0
cpu3 2928 201 1923 407337 1457 0 992 0 0 0
1777986720
cpu0 3479 0 10417 394603 1644 0 3238 0 0 0
cpu1 3236 0 3960 403609 2079 0 1484 0 0 0
cpu2 3493 35 3368 404964 1677 0 1284 0 0 0
cpu3 2928 201 1925 407433 1457 0 992 0 0 0
1777986721
cpu0 3479 0 10419 394701 1644 0 3238 0 0 0
cpu1 3237 0 3961 403707 2079 0 1484 0 0 0
cpu2 3494 35 3369 405062 1677 0 1284 0 0 0
cpu3 2929 201 1926 407531 1457 0 992 0 0 0
1777986722
cpu0 3480 0 10420 394784 1644 0 3239 0 0 0
cpu1 3237 0 3963 403790 2079 0 1484 0 0 0
cpu2 3495 35 3370 405156 1677 0 1285 0 0 0
cpu3 2929 201 1927 407625 1457 0 992 0 0 0
1777986723
cpu0 3480 0 10423 394865 1644 0 3240 0 0 0
cpu1 3238 0 3965 403872 2079 0 1485 0 0 0
cpu2 3496 35 3371 405249 1677 0 1285 0 0 0
cpu3 2930 201 1929 407717 1457 0 992 0 0 0
1777986724
cpu0 3481 0 10424 394962 1644 0 3240 0 0 0
cpu1 3238 0 3967 403968 2079 0 1485 0 0 0
cpu2 3496 35 3372 405347 1677 0 1285 0 0 0
cpu3 2930 201 1930 407815 1457 0 992 0 0 0
1777986725
cpu0 3481 0 10426 395054 1644 0 3240 0 0 0
cpu1 3239 0 3969 404060 2079 0 1486 0 0 0
cpu2 3496 35 3373 405444 1677 0 1285 0 0 0
cpu3 2930 201 1931 407912 1457 0 992 0 0 0
1777986726
cpu0 3481 0 10427 395128 1644 0 3242 0 0 0
cpu1 3239 0 3970 404134 2079 0 1486 0 0 0
cpu2 3497 35 3375 405534 1677 0 1285 0 0 0
cpu3 2931 201 1933 408004 1457 0 992 0 0 0
1777986727
cpu0 3482 0 10430 395205 1644 0 3242 0 0 0
cpu1 3240 0 3972 404212 2079 0 1487 0 0 0
cpu2 3498 35 3376 405624 1677 0 1285 0 0 0
cpu3 2932 201 1935 408096 1457 0 992 0 0 0
1777986728
cpu0 3482 0 10431 395303 1644 0 3242 0 0 0
cpu1 3240 0 3973 404311 2079 0 1487 0 0 0
cpu2 3498 35 3376 405723 1677 0 1285 0 0 0
cpu3 2932 201 1936 408194 1457 0 992 0 0 0
1777986729
cpu0 3483 0 10434 395381 1644 0 3243 0 0 0
cpu1 3241 0 3975 404391 2079 0 1487 0 0 0
cpu2 3499 35 3378 405816 1677 0 1285 0 0 0
cpu3 2932 201 1938 408287 1457 0 992 0 0 0
1777986730
cpu0 3484 0 10436 395445 1644 0 3245 0 0 0
cpu1 3241 0 3978 404455 2079 0 1488 0 0 0
cpu2 3500 35 3379 405904 1677 0 1286 0 0 0
cpu3 2933 201 1939 408376 1457 0 993 0 0 0
1777986731
cpu0 3485 0 10437 395528 1644 0 3245 0 0 0
cpu1 3242 0 3980 404539 2079 0 1488 0 0 0
cpu2 3500 35 3381 405998 1677 0 1286 0 0 0
cpu3 2934 201 1941 408471 1457 0 993 0 0 0
1777986732
cpu0 3485 0 10439 395626 1644 0 3245 0 0 0
cpu1 3242 0 3981 404637 2079 0 1488 0 0 0
cpu2 3501 35 3381 406098 1677 0 1286 0 0 0
cpu3 2934 201 1942 408570 1457 0 993 0 0 0
1777986733
cpu0 3486 0 10444 395686 1644 0 3247 0 0 0
cpu1 3243 0 3984 404702 2079 0 1490 0 0 0
cpu2 3502 35 3383 406181 1677 0 1286 0 0 0
cpu3 2935 201 1944 408655 1457 0 994 0 0 0
1777986734
cpu0 3487 0 10449 395741 1644 0 3248 0 0 0
cpu1 3244 0 3989 404759 2079 0 1493 0 0 0
cpu2 3503 35 3385 406263 1677 0 1287 0 0 0
cpu3 2936 201 1946 408738 1457 0 995 0 0 0
1777986735
cpu0 3487 0 10450 395835 1644 0 3249 0 0 0
cpu1 3244 0 3991 404852 2079 0 1493 0 0 0
cpu2 3503 35 3387 406358 1677 0 1287 0 0 0
cpu3 2936 201 1947 408835 1457 0 995 0 0 0
1777986736
cpu0 3487 0 10452 395924 1644 0 3250 0 0 0
cpu1 3244 0 3994 404942 2079 0 1494 0 0 0
cpu2 3504 35 3388 406454 1677 0 1288 0 0 0
cpu3 2936 201 1948 408931 1457 0 995 0 0 0
1777986737
cpu0 3489 0 10458 395969 1644 0 3254 0 0 0
cpu1 3245 0 4002 404989 2079 0 1497 0 0 0
cpu2 3505 35 3390 406535 1677 0 1290 0 0 0
cpu3 2938 201 1950 409014 1457 0 995 0 0 0
1777986738
cpu0 3490 0 10463 396024 1644 0 3256 0 0 0
cpu1 3246 0 4006 405046 2079 0 1499 0 0 0
cpu2 3505 35 3392 406619 1677 0 1290 0 0 0
cpu3 2938 201 1952 409100 1457 0 996 0 0 0
1777986739
cpu0 3490 0 10464 396123 1644 0 3256 0 0 0
cpu1 3246 0 4008 405144 2079 0 1499 0 0 0
cpu2 3506 35 3393 406718 1677 0 1290 0 0 0
cpu3 2939 201 1954 409198 1457 0 996 0 0 0
1777986740
cpu0 3491 0 10469 396193 1644 0 3258 0 0 0
cpu1 3247 0 4014 405213 2079 0 1501 0 0 0
cpu2 3506 35 3394 406806 1677 0 1291 0 0 0
cpu3 2939 201 1955 409288 1457 0 996 0 0 0
1777986741
cpu0 3493 0 10479 396230 1644 0 3264 0 0 0
cpu1 3249 0 4024 405249 2079 0 1507 0 0 0
cpu2 3507 35 3397 406882 1677 0 1293 0 0 0
cpu3 2940 201 1958 409370 1457 0 997 0 0 0
1777986742
cpu0 3494 0 10485 396298 1644 0 3267 0 0 0
cpu1 3250 0 4030 405316 2079 0 1511 0 0 0
cpu2 3508 35 3399 406969 1677 0 1294 0 0 0
cpu3 2941 201 1960 409460 1457 0 998 0 0 0
1777986743
cpu0 3495 0 10487 396395 1644 0 3267 0 0 0
cpu1 3251 0 4031 405414 2079 0 1511 0 0 0
cpu2 3509 35 3401 407066 1677 0 1294 0 0 0
cpu3 2941 201 1962 409557 1457 0 998 0 0 0
1777986744
cpu0 3498 0 10501 396436 1644 0 3276 0 0 0
cpu1 3254 0 4043 405457 2079 0 1519 0 0 0
cpu2 3509 35 3403 407148 1677 0 1295 0 0 0
cpu3 2942 201 1965 409639 1457 0 999 0 0 0
1777986745
cpu0 3501 0 10519 396461 1644 0 3288 0 0 0
cpu1 3256 0 4057 405487 2079 0 1528 0 0 0
cpu2 3511 35 3406 407226 1677 0 1298 0 0 0
cpu3 2943 201 1967 409717 1457 0 1003 0 0 0
1777986746
cpu0 3501 0 10524 396546 1644 0 3289 0 0 0
cpu1 3256 0 4060 405573 2079 0 1530 0 0 0
cpu2 3511 35 3407 407320 1677 0 1299 0 0 0
cpu3 2943 201 1969 409812 1457 0 1003 0 0 0
1777986747
cpu0 3503 0 10529 396635 1644 0 3291 0 0 0
cpu1 3258 0 4065 405662 2079 0 1532 0 0 0
cpu2 3512 35 3409 407414 1677 0 1300 0 0 0
cpu3 2944 201 1972 409905 1457 0 1003 0 0 0
1777986748
cpu0 3506 0 10555 396655 1644 0 3302 0 0 0
cpu1 3262 0 4090 405682 2079 0 1543 0 0 0
cpu2 3513 35 3413 407482 1678 0 1305 0 0 0
cpu3 2946 201 1974 409975 1457 0 1006 0 0 0
1777986749
cpu0 3510 0 10576 396685 1644 0 3312 0 0 0
cpu1 3265 0 4111 405712 2079 0 1553 0 0 0
cpu2 3514 35 3415 407554 1678 0 1309 0 0 0
cpu3 2946 201 1977 410048 1457 0 1010 0 0 0
1777986750
cpu0 3510 0 10578 396784 1644 0 3312 0 0 0
cpu1 3265 0 4112 405811 2079 0 1553 0 0 0
cpu2 3515 35 3417 407652 1678 0 1309 0 0 0
cpu3 2947 201 1978 410146 1457 0 1011 0 0 0
1777986751
cpu0 3513 0 10596 396844 1644 0 3323 0 0 0
cpu1 3268 0 4129 405873 2079 0 1559 0 0 0
cpu2 3515 35 3420 407739 1678 0 1311 0 0 0
cpu3 2948 201 1980 410227 1457 0 1015 0 0 0
1777986752
cpu0 3517 0 10634 396855 1644 0 3343 0 0 0
cpu1 3272 0 4166 405888 2079 0 1572 0 0 0
cpu2 3516 35 3422 407815 1678 0 1316 0 0 0
cpu3 2949 201 1984 410289 1457 0 1021 0 0 0
1777986753
cpu0 3521 0 10660 396904 1644 0 3354 0 0 0
cpu1 3275 0 4186 405939 2079 0 1580 0 0 0
cpu2 3516 35 3424 407899 1678 0 1318 0 0 0
cpu3 2949 201 1986 410366 1457 0 1026 0 0 0
1777986754
cpu0 3521 0 10661 397003 1644 0 3354 0 0 0
cpu1 3275 0 4187 406038 2079 0 1580 0 0 0
cpu2 3516 35 3425 407998 1678 0 1318 0 0 0
cpu3 2950 201 1988 410464 1457 0 1026 0 0 0
1777986755
cpu0 3528 0 10707 397027 1644 0 3378 0 0 0
cpu1 3279 0 4213 406071 2079 0 1598 0 0 0
cpu2 3517 35 3428 408069 1678 0 1325 0 0 0
cpu3 2950 201 1991 410550 1457 0 1029 0 0 0
1777986756
cpu0 3536 0 10771 397027 1644 0 3407 0 0 0
cpu1 3285 0 4249 406081 2079 0 1623 0 0 0
cpu2 3518 35 3430 408133 1678 0 1336 0 0 0
cpu3 2952 201 1994 410634 1457 0 1035 0 0 0
1777986757
cpu0 3537 0 10788 397102 1644 0 3414 0 0 0
cpu1 3287 0 4258 406158 2079 0 1630 0 0 0
cpu2 3519 35 3432 408223 1678 0 1340 0 0 0
cpu3 2952 201 1996 410728 1457 0 1036 0 0 0
1777986758
cpu0 3538 0 10793 397194 1644 0 3415 0 0 0
cpu1 3288 0 4263 406250 2079 0 1632 0 0 0
cpu2 3520 35 3433 408319 1678 0 1341 0 0 0
cpu3 2952 201 1998 410825 1457 0 1037 0 0 0
1777986759
cpu0 3547 0 10856 397194 1644 0 3444 0 0 0
cpu1 3294 0 4321 406251 2079 0 1669 0 0 0
cpu2 3520 35 3436 408382 1678 0 1357 0 0 0
cpu3 2953 201 2001 410896 1457 0 1047 0 0 0
1777986760
cpu0 3553 0 10915 397202 1644 0 3471 0 0 0
cpu1 3302 0 4372 406259 2079 0 1702 0 0 0
cpu2 3521 35 3439 408448 1678 0 1374 0 0 0
cpu3 2955 201 2004 410971 1457 0 1056 0 0 0
1777986761
cpu0 3553 0 10916 397301 1644 0 3472 0 0 0
cpu1 3302 0 4372 406358 2079 0 1703 0 0 0
cpu2 3522 35 3441 408546 1678 0 1374 0 0 0
cpu3 2956 201 2006 411068 1457 0 1056 0 0 0
1777986762
cpu0 3556 0 10941 397362 1644 0 3484 0 0 0
cpu1 3305 0 4398 406419 2079 0 1714 0 0 0
cpu2 3523 35 3443 408631 1678 0 1379 0 0 0
cpu3 2956 201 2010 411153 1457 0 1062 0 0 0
1777986763
cpu0 3564 0 11001 397362 1644 0 3516 0 0 0
cpu1 3312 0 4462 406419 2079 0 1743 0 0 0
cpu2 3524 35 3446 408695 1678 0 1391 0 0 0
cpu3 2957 201 2013 411220 1457 0 1076 0 0 0
1777986764
cpu0 3569 0 11037 397401 1644 0 3536 0 0 0
cpu1 3317 0 4501 406459 2079 0 1759 0 0 0
cpu2 3524 35 3448 408774 1678 0 1402 0 0 0
cpu3 2958 201 2016 411299 1457 0 1086 0 0 0
