1777986126
cpu0 2374 0 2290 351947 1642 0 490 0 0 0
cpu1 2773 0 1269 352426 2073 0 139 0 0 0
cpu2 3092 35 1303 352565 1672 0 115 0 0 0
cpu3 2633 201 1296 353050 1452 0 130 0 0 0
1777986127
cpu0 2374 0 2290 352046 1642 0 490 0 0 0
cpu1 2773 0 1270 352525 2073 0 140 0 0 0
cpu2 3092 35 1303 352665 1672 0 115 0 0 0
cpu3 2634 201 1296 353149 1452 0 130 0 0 0
1777986128
cpu0 2374 0 2290 352136 1642 0 490 0 0 0
cpu1 2773 0 1270 352623 2073 0 140 0 0 0
cpu2 3093 35 1303 352762 1672 0 115 0 0 0
cpu3 2634 201 1296 353246 1452 0 130 0 0 0
1777986129
cpu0 2374 0 2291 352225 1642 0 490 0 0 0
cpu1 2773 0 1271 352722 2073 0 140 0 0 0
cpu2 3093 35 1303 352860 1672 0 115 0 0 0
cpu3 2634 201 1296 353344 1452 0 130 0 0 0
1777986130
cpu0 2374 0 2292 352323 1642 0 490 0 0 0
cpu1 2773 0 1271 352821 2073 0 140 0 0 0
cpu2 3093 35 1304 352957 1672 0 115 0 0 0
cpu3 2635 201 1296 353443 1452 0 130 0 0 0
1777986131
cpu0 2374 0 2292 352418 1642 0 490 0 0 0
cpu1 2773 0 1271 352920 2073 0 140 0 0 0
cpu2 3093 35 1304 353056 1672 0 115 0 0 0
cpu3 2635 201 1297 353542 1452 0 131 0 0 0
1777986132
cpu0 2375 0 2293 352494 1642 0 490 0 0 0
cpu1 2773 0 1272 353017 2073 0 140 0 0 0
cpu2 3093 35 1304 353150 1672 0 115 0 0 0
cpu3 2635 201 1297 353638 1452 0 131 0 0 0
1777986133
cpu0 2375 0 2294 352573 1642 0 491 0 0 0
cpu1 2774 0 1272 353113 2073 0 140 0 0 0
cpu2 3093 35 1304 353245 1672 0 115 0 0 0
cpu3 2635 201 1297 353734 1452 0 131 0 0 0
1777986134
cpu0 2375 0 2294 352673 1642 0 491 0 0 0
cpu1 2774 0 1272 353213 2073 0 140 0 0 0
cpu2 3093 35 1304 353345 1672 0 115 0 0 0
cpu3 2635 201 1297 353834 1452 0 131 0 0 0
1777986135
cpu0 2375 0 2296 352754 1642 0 492 0 0 0
cpu1 2775 0 1272 353309 2073 0 140 0 0 0
cpu2 3094 35 1304 353442 1672 0 115 0 0 0
cpu3 2635 201 1298 353929 1452 0 131 0 0 0
1777986136
cpu0 2376 0 2297 352818 1642 0 493 0 0 0
cpu1 2775 0 1272 353403 2073 0 140 0 0 0
cpu2 3094 35 1304 353536 1672 0 115 0 0 0
cpu3 2636 201 1298 354022 1452 0 131 0 0 0
1777986137
cpu0 2376 0 2297 352899 1642 0 493 0 0 0
cpu1 2775 0 1274 353498 2073 0 140 0 0 0
cpu2 3094 35 1304 353632 1672 0 115 0 0 0
cpu3 2636 201 1298 354118 1452 0 131 0 0 0
1777986138
cpu0 2376 0 2297 352999 1642 0 493 0 0 0
cpu1 2775 0 1274 353598 2073 0 141 0 0 0
cpu2 3094 35 1305 353732 1672 0 115 0 0 0
cpu3 2636 201 1299 354217 1452 0 131 0 0 0
1777986139
cpu0 2377 0 2299 353060 1642 0 494 0 0 0
cpu1 2776 0 1274 353692 2073 0 141 0 0 0
cpu2 3095 35 1305 353824 1672 0 115 0 0 0
cpu3 2637 201 1299 354308 1452 0 131 0 0 0
1777986140
cpu0 2377 0 2302 353111 1642 0 495 0 0 0
cpu1 2776 0 1274 353784 2073 0 141 0 0 0
cpu2 3095 35 1305 353916 1672 0 116 0 0 0
cpu3 2637 201 1300 354397 1452 0 131 0 0 0
1777986141
cpu0 2378 0 2303 353201 1642 0 495 0 0 0
cpu1 2776 0 1275 353882 2073 0 141 0 0 0
cpu2 3095 35 1306 354013 1672 0 116 0 0 0
cpu3 2637 201 1300 354494 1452 0 131 0 0 0
1777986142
cpu0 2378 0 2304 353294 1642 0 495 0 0 0
cpu1 2776 0 1275 353981 2073 0 141 0 0 0
cpu2 3096 35 1306 354112 1672 0 116 0 0 0
cpu3 2637 201 1301 354593 1452 0 131 0 0 0
1777986143
cpu0 2380 0 2312 353329 1642 0 499 0 0 0
cpu1 2778 0 1276 354070 2073 0 142 0 0 0
cpu2 3096 35 1306 354198 1672 0 117 0 0 0
cpu3 2639 201 1302 354678 1452 0 132 0 0 0
1777986144
cpu0 2382 0 2321 353372 1642 0 502 0 0 0
cpu1 2778 0 1276 354163 2073 0 142 0 0 0
cpu2 3097 35 1307 354287 1672 0 117 0 0 0
cpu3 2639 201 1303 354768 1452 0 133 0 0 0
1777986145
cpu0 2382 0 2321 353472 1642 0 502 0 0 0
cpu1 2778 0 1276 354263 2073 0 142 0 0 0
cpu2 3097 35 1307 354387 1672 0 117 0 0 0
cpu3 2639 201 1303 354868 1452 0 133 0 0 0
1777986146
cpu0 2383 0 2331 353538 1642 0 506 0 0 0
cpu1 2778 0 1276 354359 2073 0 143 0 0 0
cpu2 3097 35 1307 354481 1672 0 118 0 0 0
cpu3 2639 201 1304 354962 1452 0 133 0 0 0
1777986147
cpu0 2387 0 2354 353560 1642 0 513 0 0 0
cpu1 2779 0 1277 354447 2073 0 144 0 0 0
cpu2 3098 35 1308 354565 1672 0 119 0 0 0
cpu3 2640 201 1305 355047 1452 0 135 0 0 0
1777986148
cpu0 2389 0 2367 353614 1642 0 517 0 0 0
cpu1 2779 0 1277 354541 2073 0 144 0 0 0
cpu2 3099 35 1308 354656 1672 0 120 0 0 0
cpu3 2641 201 1306 355140 1452 0 136 0 0 0
1777986149
cpu0 2389 0 2368 353714 1642 0 517 0 0 0
cpu1 2780 0 1278 354641 2073 0 145 0 0 0
cpu2 3099 35 1309 354756 1672 0 120 0 0 0
cpu3 2641 201 1306 355239 1452 0 136 0 0 0
1777986150
cpu0 2394 0 2405 353745 1642 0 527 0 0 0
cpu1 2780 0 1278 354733 2073 0 145 0 0 0
cpu2 3099 35 1309 354839 1672 0 123 0 0 0
cpu3 2641 201 1306 355326 1452 0 137 0 0 0
1777986151
cpu0 2399 0 2455 353753 1642 0 540 0 0 0
cpu1 2780 0 1278 354824 2073 0 146 0 0 0
cpu2 3100 35 1309 354917 1672 0 126 0 0 0
cpu3 2641 201 1307 355409 1452 0 139 0 0 0
1777986152
cpu0 2400 0 2468 353829 1642 0 542 0 0 0
cpu1 2780 0 1278 354921 2073 0 146 0 0 0
cpu2 3100 35 1310 355012 1672 0 127 0 0 0
cpu3 2642 201 1307 355505 1452 0 140 0 0 0
1777986153
cpu0 2401 0 2472 353923 1642 0 544 0 0 0
cpu1 2780 0 1279 355020 2073 0 146 0 0 0
cpu2 3100 35 1310 355110 1672 0 127 0 0 0
cpu3 2642 201 1307 355604 1452 0 140 0 0 0
1777986154
cpu0 2408 0 2543 353923 1642 0 566 0 0 0
cpu1 2781 0 1279 355107 2074 0 148 0 0 0
cpu2 3101 35 1310 355192 1673 0 130 0 0 0
cpu3 2642 201 1308 355690 1452 0 145 0 0 0
1777986155
cpu0 2416 0 2606 353929 1642 0 590 0 0 0
cpu1 2781 0 1280 355194 2074 0 151 0 0 0
cpu2 3101 35 1311 355275 1673 0 134 0 0 0
cpu3 2642 201 1308 355777 1452 0 148 0 0 0
1777986156
cpu0 2416 0 2606 354028 1642 0 590 0 0 0
cpu1 2781 0 1280 355294 2074 0 151 0 0 0
cpu2 3101 35 1311 355374 1673 0 134 0 0 0
cpu3 2642 201 1308 355877 1452 0 148 0 0 0
1777986157
cpu0 2418 0 2630 354091 1642 0 601 0 0 0
cpu1 2781 0 1281 355386 2074 0 153 0 0 0
cpu2 3102 35 1312 355469 1673 0 134 0 0 0
cpu3 2642 201 1310 355970 1452 0 149 0 0 0
1777986158
cpu0 2424 0 2700 354091 1642 0 626 0 0 0
cpu1 2782 0 1281 355465 2074 0 160 0 0 0
cpu2 3102 35 1312 355558 1673 0 139 0 0 0
cpu3 2643 201 1310 356055 1452 0 152 0 0 0
1777986159
cpu0 2428 0 2745 354129 1642 0 641 0 0 0
cpu1 2782 0 1281 355552 2074 0 163 0 0 0
cpu2 3102 35 1312 355650 1673 0 142 0 0 0
cpu3 2643 201 1311 356146 1452 0 155 0 0 0
1777986160
cpu0 2428 0 2745 354229 1642 0 641 0 0 0
cpu1 2782 0 1281 355652 2074 0 163 0 0 0
cpu2 3103 35 1313 355749 1673 0 142 0 0 0
cpu3 2643 201 1311 356246 1452 0 155 0 0 0
1777986161
cpu0 2434 0 2795 354261 1642 0 652 0 0 0
cpu1 2782 0 1282 355734 2074 0 167 0 0 0
cpu2 3103 35 1313 355836 1673 0 144 0 0 0
cpu3 2644 201 1311 356333 1452 0 156 0 0 0
1777986162
cpu0 2442 0 2870 354261 1642 0 671 0 0 0
cpu1 2782 0 1283 355809 2074 0 175 0 0 0
cpu2 3103 35 1313 355919 1673 0 148 0 0 0
cpu3 2644 201 1312 356416 1452 0 159 0 0 0
1777986163
cpu0 2445 0 2894 354328 1642 0 677 0 0 0
cpu1 2783 0 1283 355901 2074 0 177 0 0 0
cpu2 3104 35 1313 356012 1673 0 151 0 0 0
cpu3 2645 201 1312 356509 1452 0 159 0 0 0
1777986164
cpu0 2446 0 2894 354428 1642 0 677 0 0 0
cpu1 2783 0 1283 356000 2074 0 177 0 0 0
cpu2 3104 35 1314 356112 1673 0 151 0 0 0
cpu3 2645 201 1312 356609 1452 0 159 0 0 0
1777986165
cpu0 2455 0 2971 354429 1642 0 689 0 0 0
cpu1 2783 0 1284 356081 2074 0 180 0 0 0
cpu2 3104 35 1314 356183 1673 0 156 0 0 0
cpu3 2645 201 1313 356693 1452 0 162 0 0 0
1777986166
cpu0 2464 0 3047 354429 1642 0 704 0 0 0
cpu1 2783 0 1285 356161 2074 0 182 0 0 0
cpu2 3104 35 1314 356254 1673 0 164 0 0 0
cpu3 2645 201 1314 356777 1452 0 165 0 0 0
1777986167
cpu0 2465 0 3048 354528 1642 0 704 0 0 0
cpu1 2783 0 1285 356261 2074 0 182 0 0 0
cpu2 3105 35 1314 356354 1673 0 164 0 0 0
cpu3 2645 201 1314 356876 1452 0 165 0 0 0
1777986168
cpu0 2467 0 3071 354597 1642 0 710 0 0 0
cpu1 2784 0 1285 356354 2074 0 184 0 0 0
cpu2 3105 35 1315 356447 1673 0 165 0 0 0
cpu3 2645 201 1315 356971 1452 0 166 0 0 0
1777986169
cpu0 2475 0 3144 354597 1642 0 729 0 0 0
cpu1 2784 0 1286 356432 2074 0 192 0 0 0
cpu2 3105 35 1315 356524 1673 0 173 0 0 0
cpu3 2646 201 1315 357058 1452 0 171 0 0 0
1777986170
cpu0 2482 0 3193 354628 1642 0 743 0 0 0
cpu1 2784 0 1286 356517 2074 0 195 0 0 0
cpu2 3105 35 1316 356609 1673 0 176 0 0 0
cpu3 2646 201 1316 357148 1452 0 173 0 0 0
1777986171
cpu0 2482 0 3193 354728 1642 0 743 0 0 0
cpu1 2784 0 1287 356617 2074 0 195 0 0 0
cpu2 3105 35 1317 356708 1673 0 176 0 0 0
cpu3 2646 201 1316 357248 1452 0 173 0 0 0
1777986172
cpu0 2487 0 3233 354767 1642 0 759 0 0 0
cpu1 2784 0 1287 356711 2074 0 196 0 0 0
cpu2 3105 35 1317 356800 1673 0 177 0 0 0
cpu3 2646 201 1316 357336 1452 0 175 0 0 0
1777986173
cpu0 2494 0 3301 354767 1642 0 785 0 0 0
cpu1 2785 0 1287 356800 2074 0 201 0 0 0
cpu2 3106 35 1318 356887 1673 0 183 0 0 0
cpu3 2647 201 1317 357416 1452 0 179 0 0 0
1777986174
cpu0 2497 0 3328 354829 1642 0 794 0 0 0
cpu1 2785 0 1288 356896 2074 0 202 0 0 0
cpu2 3106 35 1318 356983 1673 0 184 0 0 0
cpu3 2647 201 1317 357509 1452 0 181 0 0 0
