1777986927
cpu0 3849 0 12670 408960 1645 0 4423 0 0 0
cpu1 3600 0 6189 418078 2079 0 2514 0 0 0
cpu2 3676 35 4147 422406 1679 0 1861 0 0 0
cpu3 3069 201 2367 425752 1458 0 1407 0 0 0
1777986928
cpu0 3849 0 12671 409058 1645 0 4424 0 0 0
cpu1 3600 0 6192 418175 2079 0 2514 0 0 0
cpu2 3677 35 4149 422504 1679 0 1862 0 0 0
cpu3 3069 201 2368 425851 1458 0 1407 0 0 0
1777986929
cpu0 3849 0 12672 409149 1645 0 4424 0 0 0
cpu1 3601 0 6196 418267 2079 0 2515 0 0 0
cpu2 3677 35 4150 422597 1679 0 1862 0 0 0
cpu3 3070 201 2369 425947 1458 0 1408 0 0 0
1777986930
cpu0 3849 0 12675 409241 1645 0 4425 0 0 0
cpu1 3602 0 6197 418358 2079 0 2515 0 0 0
cpu2 3677 35 4151 422689 1679 0 1862 0 0 0
cpu3 3070 201 2371 426042 1458 0 1408 0 0 0
1777986931
cpu0 3850 0 12676 409338 1645 0 4427 0 0 0
cpu1 3603 0 6199 418455 2079 0 2515 0 0 0
cpu2 3678 35 4153 422786 1679 0 1862 0 0 0
cpu3 3071 201 2372 426139 1458 0 1408 0 0 0
1777986932
cpu0 3850 0 12678 409433 1645 0 4427 0 0 0
cpu1 3603 0 6201 418551 2079 0 2516 0 0 0
cpu2 3679 35 4154 422881 1679 0 1863 0 0 0
cpu3 3072 201 2374 426236 1458 0 1408 0 0 0
1777986933
cpu0 3851 0 12680 409518 1645 0 4428 0 0 0
cpu1 3603 0 6202 418632 2079 0 2517 0 0 0
cpu2 3679 35 4156 422966 1679 0 1864 0 0 0
cpu3 3072 201 2376 426329 1458 0 1408 0 0 0
1777986934
cpu0 3852 0 12682 409604 1645 0 4428 0 0 0
cpu1 3604 0 6204 418722 2079 0 2517 0 0 0
cpu2 3679 35 4158 423052 1679 0 1864 0 0 0
cpu3 3072 201 2377 426424 1458 0 1409 0 0 0
1777986935
cpu0 3853 0 12684 409701 1645 0 4428 0 0 0
cpu1 3604 0 6206 418821 2079 0 2517 0 0 0
cpu2 3680 35 4159 423151 1679 0 1864 0 0 0
cpu3 3072 201 2379 426522 1458 0 1409 0 0 0
1777986936
cpu0 3853 0 12686 409792 1645 0 4429 0 0 0
cpu1 3604 0 6207 418907 2079 0 2518 0 0 0
cpu2 3680 35 4161 423238 1679 0 1865 0 0 0
cpu3 3072 201 2381 426615 1458 0 1409 0 0 0
1777986937
cpu0 3854 0 12688 409866 1645 0 4430 0 0 0
cpu1 3605 0 6211 418993 2079 0 2518 0 0 0
cpu2 3681 35 4163 423310 1679 0 1866 0 0 0
cpu3 3073 201 2382 426705 1458 0 1409 0 0 0
1777986938
cpu0 3854 0 12690 409950 1645 0 4431 0 0 0
cpu1 3605 0 6212 419087 2079 0 2518 0 0 0
cpu2 3681 35 4165 423395 1679 0 1866 0 0 0
cpu3 3074 201 2384 426798 1458 0 1409 0 0 0
1777986939
cpu0 3855 0 12691 410048 1645 0 4431 0 0 0
cpu1 3606 0 6214 419186 2079 0 2518 0 0 0
cpu2 3682 35 4167 423493 1679 0 1866 0 0 0
cpu3 3074 201 2386 426896 1458 0 1409 0 0 0
1777986940
cpu0 3856 0 12694 410130 1645 0 4432 0 0 0
cpu1 3606 0 6217 419258 2079 0 2519 0 0 0
cpu2 3682 35 4169 423566 1679 0 1867 0 0 0
cpu3 3075 201 2388 426984 1458 0 1409 0 0 0
1777986941
cpu0 3856 0 12696 410201 1645 0 4434 0 0 0
cpu1 3606 0 6220 419330 2079 0 2520 0 0 0
cpu2 3682 35 4172 423637 1679 0 1868 0 0 0
cpu3 3076 201 2390 427070 1458 0 1410 0 0 0
1777986942
cpu0 3857 0 12698 410296 1645 0 4435 0 0 0
cpu1 3607 0 6221 419424 2079 0 2520 0 0 0
cpu2 3683 35 4173 423730 1679 0 1868 0 0 0
cpu3 3076 201 2393 427166 1458 0 1410 0 0 0
1777986943
cpu0 3857 0 12700 410388 1645 0 4435 0 0 0
cpu1 3608 0 6223 419517 2079 0 2521 0 0 0
cpu2 3683 35 4175 423823 1679 0 1868 0 0 0
cpu3 3077 201 2396 427261 1458 0 1410 0 0 0
1777986944
cpu0 3858 0 12704 410454 1645 0 4437 0 0 0
cpu1 3608 0 6228 419578 2079 0 2522 0 0 0
cpu2 3684 35 4178 423886 1679 0 1869 0 0 0
cpu3 3078 201 2397 427350 1458 0 1410 0 0 0
1777986945
cpu0 3858 0 12706 410520 1645 0 4439 0 0 0
cpu1 3609 0 6231 419640 2079 0 2523 0 0 0
cpu2 3685 35 4180 423966 1679 0 1870 0 0 0
cpu3 3078 201 2401 427441 1458 0 1410 0 0 0
1777986946
cpu0 3858 0 12708 410618 1645 0 4439 0 0 0
cpu1 3609 0 6232 419738 2079 0 2523 0 0 0
cpu2 3685 35 4181 424065 1679 0 1870 0 0 0
cpu3 3079 201 2403 427538 1458 0 1410 0 0 0
1777986947
cpu0 3860 0 12711 410698 1645 0 4440 0 0 0
cpu1 3610 0 6236 419822 2079 0 2524 0 0 0
cpu2 3686 35 4187 424137 1679 0 1872 0 0 0
cpu3 3079 201 2405 427628 1458 0 1411 0 0 0
1777986948
cpu0 3861 0 12720 410741 1645 0 4443 0 0 0
cpu1 3612 0 6239 419893 2079 0 2526 0 0 0
cpu2 3687 35 4193 424188 1679 0 1875 0 0 0
cpu3 3081 201 2409 427710 1458 0 1412 0 0 0
1777986949
cpu0 3862 0 12724 410816 1645 0 4445 0 0 0
cpu1 3612 0 6245 419964 2079 0 2527 0 0 0
cpu2 3688 35 4197 424268 1679 0 1876 0 0 0
cpu3 3081 201 2411 427799 1458 0 1412 0 0 0
1777986950
cpu0 3862 0 12726 410914 1645 0 4445 0 0 0
cpu1 3613 0 6246 420063 2079 0 2527 0 0 0
cpu2 3689 35 4199 424366 1679 0 1876 0 0 0
cpu3 3081 201 2412 427897 1458 0 1412 0 0 0
1777986951
cpu0 3864 0 12733 410975 1645 0 4449 0 0 0
cpu1 3614 0 6252 420122 2079 0 2530 0 0 0
cpu2 3691 35 4205 424428 1679 0 1880 0 0 0
cpu3 3082 201 2415 427980 1458 0 1413 0 0 0
1777986952
cpu0 3864 0 12738 411035 1645 0 4453 0 0 0
cpu1 3615 0 6262 420166 2079 0 2536 0 0 0
cpu2 3692 35 4214 424475 1679 0 1883 0 0 0
cpu3 3083 201 2418 428060 1458 0 1415 0 0 0
1777986953
cpu0 3865 0 12741 411123 1645 0 4454 0 0 0
cpu1 3616 0 6266 420251 2079 0 2537 0 0 0
cpu2 3693 35 4218 424561 1679 0 1884 0 0 0
cpu3 3084 201 2419 428153 1458 0 1415 0 0 0
1777986954
cpu0 3866 0 12745 411216 1645 0 4455 0 0 0
cpu1 3616 0 6269 420344 2079 0 2538 0 0 0
cpu2 3693 35 4221 424655 1679 0 1885 0 0 0
cpu3 3085 201 2422 428249 1458 0 1416 0 0 0
1777986955
cpu0 3868 0 12754 411266 1645 0 4462 0 0 0
cpu1 3618 0 6287 420378 2079 0 2546 0 0 0
cpu2 3695 35 4232 424701 1679 0 1893 0 0 0
cpu3 3086 201 2425 428328 1458 0 1418 0 0 0
1777986956
cpu0 3870 0 12764 411323 1645 0 4467 0 0 0
cpu1 3620 0 6300 420421 2079 0 2553 0 0 0
cpu2 3697 35 4245 424745 1679 0 1900 0 0 0
cpu3 3086 201 2427 428408 1458 0 1420 0 0 0
1777986957
cpu0 3870 0 12766 411420 1645 0 4467 0 0 0
cpu1 3621 0 6301 420520 2079 0 2553 0 0 0
cpu2 3697 35 4245 424843 1680 0 1900 0 0 0
cpu3 3087 201 2429 428506 1458 0 1420 0 0 0
1777986958
cpu0 3873 0 12780 411488 1645 0 4474 0 0 0
cpu1 3623 0 6310 420593 2079 0 2558 0 0 0
cpu2 3699 35 4253 424924 1680 0 1903 0 0 0
cpu3 3088 201 2433 428591 1458 0 1422 0 0 0
1777986959
cpu0 3876 0 12802 411522 1645 0 4487 0 0 0
cpu1 3626 0 6328 420627 2079 0 2568 0 0 0
cpu2 3703 35 4270 424964 1680 0 1912 0 0 0
cpu3 3089 201 2436 428661 1458 0 1427 0 0 0
1777986960
cpu0 3878 0 12811 411587 1645 0 4494 0 0 0
cpu1 3628 0 6342 420682 2079 0 2576 0 0 0
cpu2 3705 35 4280 425028 1680 0 1918 0 0 0
cpu3 3089 201 2438 428742 1458 0 1430 0 0 0
1777986961
cpu0 3878 0 12812 411685 1645 0 4494 0 0 0
cpu1 3628 0 6344 420780 2079 0 2576 0 0 0
cpu2 3705 35 4282 425125 1680 0 1918 0 0 0
cpu3 3090 201 2440 428840 1458 0 1430 0 0 0
1777986962
cpu0 3882 0 12836 411731 1645 0 4511 0 0 0
cpu1 3631 0 6364 420826 2079 0 2589 0 0 0
cpu2 3708 35 4299 425180 1680 0 1926 0 0 0
cpu3 3091 201 2443 428921 1458 0 1434 0 0 0
1777986963
cpu0 3886 0 12870 411756 1645 0 4533 0 0 0
cpu1 3635 0 6388 420858 2079 0 2606 0 0 0
cpu2 3712 35 4330 425207 1680 0 1942 0 0 0
cpu3 3092 201 2447 428997 1458 0 1439 0 0 0
1777986964
cpu0 3888 0 12886 411828 1645 0 4540 0 0 0
cpu1 3636 0 6397 420935 2079 0 2612 0 0 0
cpu2 3713 35 4336 425289 1680 0 1945 0 0 0
cpu3 3092 201 2448 429089 1458 0 1439 0 0 0
1777986965
cpu0 3888 0 12888 411925 1645 0 4541 0 0 0
cpu1 3636 0 6398 421033 2079 0 2612 0 0 0
cpu2 3714 35 4338 425386 1680 0 1945 0 0 0
cpu3 3093 201 2449 429186 1458 0 1440 0 0 0
1777986966
cpu0 3893 0 12940 411929 1645 0 4580 0 0 0
cpu1 3642 0 6447 421041 2079 0 2633 0 0 0
cpu2 3716 35 4350 425451 1680 0 1954 0 0 0
cpu3 3094 201 2454 429249 1458 0 1455 0 0 0
1777986967
cpu0 3899 0 12971 411948 1645 0 4612 0 0 0
cpu1 3649 0 6513 421046 2079 0 2653 0 0 0
cpu2 3719 35 4369 425502 1680 0 1964 0 0 0
cpu3 3095 201 2458 429311 1458 0 1468 0 0 0
1777986968
cpu0 3899 0 12973 412045 1645 0 4612 0 0 0
cpu1 3650 0 6514 421144 2079 0 2653 0 0 0
cpu2 3720 35 4371 425600 1680 0 1964 0 0 0
cpu3 3095 201 2461 429408 1458 0 1468 0 0 0
1777986969
cpu0 3900 0 12976 412130 1645 0 4616 0 0 0
cpu1 3653 0 6534 421212 2079 0 2663 0 0 0
cpu2 3722 35 4391 425667 1680 0 1974 0 0 0
cpu3 3096 201 2465 429493 1458 0 1473 0 0 0
1777986970
cpu0 3901 0 12981 412193 1645 0 4628 0 0 0
cpu1 3661 0 6595 421212 2079 0 2694 0 0 0
cpu2 3730 35 4454 425667 1680 0 2003 0 0 0
cpu3 3097 201 2469 429557 1458 0 1486 0 0 0
1777986971
cpu0 3901 0 12983 412269 1645 0 4639 0 0 0
cpu1 3667 0 6635 421245 2079 0 2715 0 0 0
cpu2 3735 35 4496 425699 1680 0 2024 0 0 0
cpu3 3098 201 2472 429632 1458 0 1493 0 0 0
1777986972
cpu0 3901 0 12984 412367 1645 0 4639 0 0 0
cpu1 3668 0 6636 421343 2079 0 2715 0 0 0
cpu2 3736 35 4497 425798 1680 0 2024 0 0 0
cpu3 3099 201 2473 429730 1458 0 1493 0 0 0
1777986973
cpu0 3903 0 12991 412442 1645 0 4648 0 0 0
cpu1 3673 0 6675 421379 2079 0 2736 0 0 0
cpu2 3740 35 4535 425835 1680 0 2045 0 0 0
cpu3 3100 201 2477 429808 1458 0 1500 0 0 0
1777986974
cpu0 3911 0 13058 412442 1645 0 4673 0 0 0
cpu1 3680 0 6736 421379 2079 0 2769 0 0 0
cpu2 3741 35 4539 425899 1680 0 2059 0 0 0
cpu3 3100 201 2481 429877 1458 0 1512 0 0 0
1777986975
cpu0 3911 0 13060 412531 1645 0 4676 0 0 0
cpu1 3683 0 6757 421443 2079 0 2781 0 0 0
cpu2 3744 35 4561 425963 1680 0 2069 0 0 0
cpu3 3101 201 2484 429965 1458 0 1515 0 0 0
