1777986495
cpu0 2971 0 6770 379190 1643 0 2147 0 0 0
cpu1 3119 0 3584 383333 2076 0 1136 0 0 0
cpu2 3297 35 2361 385411 1675 0 863 0 0 0
cpu3 2809 201 1583 386968 1456 0 704 0 0 0
1777986496
cpu0 2972 0 6772 379288 1643 0 2147 0 0 0
cpu1 3119 0 3584 383432 2076 0 1136 0 0 0
cpu2 3297 35 2362 385510 1675 0 863 0 0 0
cpu3 2809 201 1584 387067 1456 0 704 0 0 0
1777986497
cpu0 2972 0 6774 379382 1643 0 2147 0 0 0
cpu1 3120 0 3585 383527 2077 0 1136 0 0 0
cpu2 3298 35 2363 385604 1675 0 863 0 0 0
cpu3 2810 201 1585 387165 1456 0 704 0 0 0
1777986498
cpu0 2973 0 6775 379475 1643 0 2147 0 0 0
cpu1 3120 0 3586 383621 2077 0 1136 0 0 0
cpu2 3298 35 2364 385697 1675 0 863 0 0 0
cpu3 2810 201 1586 387261 1456 0 704 0 0 0
1777986499
cpu0 2973 0 6776 379572 1643 0 2147 0 0 0
cpu1 3121 0 3587 383717 2077 0 1137 0 0 0
cpu2 3298 35 2364 385795 1675 0 863 0 0 0
cpu3 2810 201 1587 387360 1456 0 704 0 0 0
1777986500
cpu0 2974 0 6777 379671 1643 0 2147 0 0 0
cpu1 3121 0 3588 383816 2077 0 1137 0 0 0
cpu2 3299 35 2366 385894 1675 0 863 0 0 0
cpu3 2810 201 1587 387459 1456 0 704 0 0 0
1777986501
cpu0 2974 0 6778 379764 1643 0 2148 0 0 0
cpu1 3121 0 3589 383904 2077 0 1137 0 0 0
cpu2 3299 35 2367 385980 1675 0 864 0 0 0
cpu3 2810 201 1588 387553 1456 0 704 0 0 0
1777986502
cpu0 2974 0 6778 379852 1643 0 2148 0 0 0
cpu1 3122 0 3590 383988 2077 0 1137 0 0 0
cpu2 3300 35 2368 386069 1675 0 864 0 0 0
cpu3 2811 201 1589 387646 1456 0 704 0 0 0
1777986503
cpu0 2975 0 6779 379951 1643 0 2148 0 0 0
cpu1 3122 0 3592 384087 2077 0 1137 0 0 0
cpu2 3300 35 2370 386165 1675 0 864 0 0 0
cpu3 2812 201 1590 387744 1456 0 704 0 0 0
1777986504
cpu0 2975 0 6779 380049 1643 0 2148 0 0 0
cpu1 3122 0 3593 384182 2077 0 1138 0 0 0
cpu2 3301 35 2371 386257 1675 0 864 0 0 0
cpu3 2812 201 1591 387841 1456 0 704 0 0 0
1777986505
cpu0 2975 0 6780 380134 1643 0 2149 0 0 0
cpu1 3123 0 3595 384265 2077 0 1138 0 0 0
cpu2 3301 35 2372 386333 1675 0 864 0 0 0
cpu3 2812 201 1592 387933 1456 0 704 0 0 0
1777986506
cpu0 2975 0 6781 380227 1643 0 2149 0 0 0
cpu1 3123 0 3597 384347 2077 0 1138 0 0 0
cpu2 3301 35 2373 386415 1675 0 865 0 0 0
cpu3 2813 201 1593 388025 1456 0 704 0 0 0
1777986507
cpu0 2976 0 6782 380326 1643 0 2149 0 0 0
cpu1 3124 0 3598 384446 2077 0 1138 0 0 0
cpu2 3302 35 2374 386514 1675 0 865 0 0 0
cpu3 2813 201 1595 388124 1456 0 704 0 0 0
1777986508
cpu0 2976 0 6785 380398 1643 0 2150 0 0 0
cpu1 3124 0 3599 384537 2077 0 1138 0 0 0
cpu2 3302 35 2375 386607 1675 0 865 0 0 0
cpu3 2814 201 1597 388218 1456 0 705 0 0 0
1777986509
cpu0 2977 0 6787 380474 1643 0 2151 0 0 0
cpu1 3125 0 3601 384600 2077 0 1139 0 0 0
cpu2 3302 35 2376 386694 1675 0 865 0 0 0
cpu3 2814 201 1598 388310 1456 0 705 0 0 0
1777986510
cpu0 2977 0 6789 380563 1643 0 2152 0 0 0
cpu1 3125 0 3602 384690 2077 0 1139 0 0 0
cpu2 3303 35 2377 386777 1675 0 866 0 0 0
cpu3 2815 201 1599 388406 1456 0 705 0 0 0
1777986511
cpu0 2977 0 6790 380662 1643 0 2152 0 0 0
cpu1 3125 0 3603 384789 2077 0 1139 0 0 0
cpu2 3303 35 2378 386876 1675 0 866 0 0 0
cpu3 2815 201 1599 388505 1456 0 705 0 0 0
1777986512
cpu0 2978 0 6796 380728 1643 0 2153 0 0 0
cpu1 3126 0 3606 384865 2077 0 1140 0 0 0
cpu2 3303 35 2380 386955 1675 0 867 0 0 0
cpu3 2815 201 1600 388592 1456 0 705 0 0 0
1777986513
cpu0 2979 0 6797 380812 1643 0 2153 0 0 0
cpu1 3127 0 3612 384924 2077 0 1141 0 0 0
cpu2 3304 35 2384 387023 1675 0 868 0 0 0
cpu3 2816 201 1601 388676 1456 0 707 0 0 0
1777986514
cpu0 2979 0 6798 380909 1643 0 2154 0 0 0
cpu1 3127 0 3613 385022 2077 0 1141 0 0 0
cpu2 3304 35 2386 387113 1675 0 869 0 0 0
cpu3 2816 201 1602 388773 1456 0 707 0 0 0
1777986515
cpu0 2979 0 6801 380998 1643 0 2154 0 0 0
cpu1 3128 0 3614 385117 2077 0 1142 0 0 0
cpu2 3305 35 2388 387207 1675 0 869 0 0 0
cpu3 2816 201 1603 388869 1456 0 707 0 0 0
1777986516
cpu0 2981 0 6816 381047 1643 0 2157 0 0 0
cpu1 3129 0 3619 385189 2077 0 1144 0 0 0
cpu2 3305 35 2393 387278 1675 0 871 0 0 0
cpu3 2817 201 1604 388946 1456 0 708 0 0 0
1777986517
cpu0 2983 0 6822 381117 1643 0 2160 0 0 0
cpu1 3130 0 3628 385252 2077 0 1145 0 0 0
cpu2 3306 35 2397 387357 1675 0 872 0 0 0
cpu3 2817 201 1607 389028 1456 0 710 0 0 0
1777986518
cpu0 2983 0 6823 381216 1643 0 2160 0 0 0
cpu1 3131 0 3629 385351 2077 0 1146 0 0 0
cpu2 3307 35 2398 387456 1675 0 872 0 0 0
cpu3 2818 201 1608 389126 1456 0 710 0 0 0
1777986519
cpu0 2983 0 6823 381305 1643 0 2162 0 0 0
cpu1 3132 0 3638 385427 2077 0 1148 0 0 0
cpu2 3308 35 2411 387529 1675 0 875 0 0 0
cpu3 2818 201 1609 389215 1456 0 711 0 0 0
1777986520
cpu0 2986 0 6842 381356 1643 0 2169 0 0 0
cpu1 3135 0 3651 385488 2077 0 1153 0 0 0
cpu2 3311 35 2427 387587 1675 0 878 0 0 0
cpu3 2819 201 1611 389292 1456 0 714 0 0 0
1777986521
cpu0 2987 0 6845 381441 1643 0 2172 0 0 0
cpu1 3136 0 3659 385568 2077 0 1154 0 0 0
cpu2 3312 35 2442 387655 1675 0 880 0 0 0
cpu3 2819 201 1612 389380 1456 0 716 0 0 0
1777986522
cpu0 2987 0 6846 381540 1643 0 2173 0 0 0
cpu1 3137 0 3660 385667 2077 0 1154 0 0 0
cpu2 3312 35 2442 387754 1675 0 880 0 0 0
cpu3 2820 201 1614 389478 1456 0 716 0 0 0
1777986523
cpu0 2987 0 6848 381611 1643 0 2182 0 0 0
cpu1 3138 0 3674 385738 2077 0 1157 0 0 0
cpu2 3317 35 2485 387792 1675 0 893 0 0 0
cpu3 2821 201 1615 389560 1456 0 719 0 0 0
1777986524
cpu0 2988 0 6849 381676 1643 0 2195 0 0 0
cpu1 3138 0 3675 385825 2077 0 1163 0 0 0
cpu2 3325 35 2560 387792 1675 0 910 0 0 0
cpu3 2821 201 1616 389639 1456 0 725 0 0 0
1777986525
cpu0 2988 0 6851 381768 1643 0 2197 0 0 0
cpu1 3139 0 3676 385923 2077 0 1165 0 0 0
cpu2 3327 35 2574 387872 1675 0 913 0 0 0
cpu3 2821 201 1617 389734 1456 0 727 0 0 0
1777986526
cpu0 2988 0 6852 381864 1643 0 2199 0 0 0
cpu1 3139 0 3677 386020 2077 0 1166 0 0 0
cpu2 3328 35 2584 387960 1675 0 916 0 0 0
cpu3 2822 201 1618 389830 1456 0 727 0 0 0
1777986527
cpu0 2995 0 6911 381879 1643 0 2216 0 0 0
cpu1 3139 0 3679 386100 2077 0 1173 0 0 0
cpu2 3331 35 2599 388025 1675 0 926 0 0 0
cpu3 2822 201 1621 389903 1456 0 736 0 0 0
1777986528
cpu0 2997 0 6932 381937 1643 0 2228 0 0 0
cpu1 3140 0 3680 386183 2077 0 1177 0 0 0
cpu2 3336 35 2645 388059 1675 0 938 0 0 0
cpu3 2823 201 1622 389979 1456 0 743 0 0 0
1777986529
cpu0 2997 0 6933 382036 1643 0 2228 0 0 0
cpu1 3140 0 3681 386283 2077 0 1177 0 0 0
cpu2 3336 35 2646 388159 1675 0 938 0 0 0
cpu3 2823 201 1623 390078 1456 0 743 0 0 0
1777986530
cpu0 2998 0 6934 382126 1643 0 2231 0 0 0
cpu1 3140 0 3682 386372 2077 0 1181 0 0 0
cpu2 3340 35 2679 388215 1675 0 945 0 0 0
cpu3 2824 201 1624 390162 1456 0 745 0 0 0
1777986531
cpu0 2998 0 6935 382205 1643 0 2240 0 0 0
cpu1 3141 0 3684 386450 2077 0 1191 0 0 0
cpu2 3348 35 2756 388215 1675 0 961 0 0 0
cpu3 2824 201 1626 390228 1456 0 759 0 0 0
1777986532
cpu0 2999 0 6936 382292 1643 0 2247 0 0 0
cpu1 3142 0 3686 386536 2077 0 1197 0 0 0
cpu2 3352 35 2799 388259 1675 0 969 0 0 0
cpu3 2825 201 1628 390308 1456 0 769 0 0 0
1777986533
cpu0 3000 0 6938 382390 1643 0 2247 0 0 0
cpu1 3142 0 3687 386635 2077 0 1197 0 0 0
cpu2 3352 35 2800 388358 1675 0 969 0 0 0
cpu3 2825 201 1629 390407 1456 0 769 0 0 0
1777986535
cpu0 3001 0 6939 382474 1643 0 2253 0 0 0
cpu1 3143 0 3688 386719 2077 0 1204 0 0 0
cpu2 3358 35 2856 388384 1675 0 982 0 0 0
cpu3 2826 201 1630 390483 1456 0 778 0 0 0
1777986536
cpu0 3004 0 6976 382514 1643 0 2269 0 0 0
cpu1 3144 0 3690 386798 2077 0 1221 0 0 0
cpu2 3363 35 2896 388422 1675 0 996 0 0 0
cpu3 2826 201 1631 390555 1456 0 787 0 0 0
1777986537
cpu0 3006 0 6996 382588 1643 0 2274 0 0 0
cpu1 3145 0 3691 386892 2077 0 1223 0 0 0
cpu2 3363 35 2897 388517 1675 0 999 0 0 0
cpu3 2826 201 1632 390647 1456 0 790 0 0 0
1777986538
cpu0 3007 0 7000 382681 1643 0 2275 0 0 0
cpu1 3145 0 3693 386989 2077 0 1225 0 0 0
cpu2 3363 35 2898 388614 1675 0 1000 0 0 0
cpu3 2827 201 1633 390745 1456 0 791 0 0 0
1777986539
cpu0 3012 0 7037 382718 1643 0 2289 0 0 0
cpu1 3146 0 3695 387065 2077 0 1233 0 0 0
cpu2 3369 35 2933 388655 1675 0 1013 0 0 0
cpu3 2828 201 1635 390827 1456 0 796 0 0 0
1777986540
cpu0 3012 0 7038 382795 1643 0 2299 0 0 0
cpu1 3146 0 3696 387143 2077 0 1240 0 0 0
cpu2 3377 35 3000 388661 1675 0 1032 0 0 0
cpu3 2828 201 1637 390910 1456 0 802 0 0 0
1777986541
cpu0 3013 0 7039 382894 1643 0 2299 0 0 0
cpu1 3146 0 3697 387242 2077 0 1240 0 0 0
cpu2 3377 35 3001 388761 1675 0 1032 0 0 0
cpu3 2828 201 1637 391009 1456 0 802 0 0 0
1777986542
cpu0 3013 0 7040 382984 1643 0 2303 0 0 0
cpu1 3146 0 3699 387333 2077 0 1243 0 0 0
cpu2 3380 35 3029 388823 1675 0 1039 0 0 0
cpu3 2829 201 1639 391100 1456 0 803 0 0 0
1777986543
cpu0 3013 0 7041 383061 1643 0 2311 0 0 0
cpu1 3146 0 3701 387410 2077 0 1252 0 0 0
cpu2 3388 35 3105 388823 1675 0 1055 0 0 0
cpu3 2829 201 1640 391178 1456 0 811 0 0 0
1777986544
cpu0 3014 0 7042 383146 1643 0 2318 0 0 0
cpu1 3147 0 3702 387496 2077 0 1259 0 0 0
cpu2 3392 35 3151 388861 1675 0 1067 0 0 0
cpu3 2830 201 1642 391264 1456 0 814 0 0 0
