1777987410
cpu0 4852 0 19373 441696 1648 0 7347 0 0 0
cpu1 4344 0 10399 455081 2083 0 4282 0 0 0
cpu2 4174 35 6388 462850 1684 0 3103 0 0 0
cpu3 3471 201 3753 468129 1461 0 2359 0 0 0
1777987411
cpu0 4853 0 19375 441793 1648 0 7348 0 0 0
cpu1 4345 0 10401 455178 2083 0 4282 0 0 0
cpu2 4174 35 6390 462948 1684 0 3103 0 0 0
cpu3 3472 201 3755 468226 1461 0 2359 0 0 0
1777987412
cpu0 4853 0 19378 441883 1648 0 7349 0 0 0
cpu1 4346 0 10403 455269 2083 0 4282 0 0 0
cpu2 4175 35 6392 463039 1684 0 3103 0 0 0
cpu3 3473 201 3758 468320 1461 0 2359 0 0 0
1777987413
cpu0 4854 0 19381 441972 1648 0 7350 0 0 0
cpu1 4346 0 10405 455359 2083 0 4282 0 0 0
cpu2 4175 35 6394 463130 1684 0 3104 0 0 0
cpu3 3473 201 3760 468414 1461 0 2359 0 0 0
1777987414
cpu0 4855 0 19384 442068 1648 0 7350 0 0 0
cpu1 4347 0 10409 455454 2083 0 4283 0 0 0
cpu2 4176 35 6396 463226 1684 0 3104 0 0 0
cpu3 3474 201 3762 468511 1461 0 2359 0 0 0
1777987415
cpu0 4855 0 19387 442162 1648 0 7351 0 0 0
cpu1 4348 0 10412 455548 2083 0 4283 0 0 0
cpu2 4176 35 6398 463322 1684 0 3104 0 0 0
cpu3 3475 201 3764 468608 1461 0 2359 0 0 0
1777987416
cpu0 4856 0 19388 442244 1648 0 7352 0 0 0
cpu1 4349 0 10416 455629 2083 0 4283 0 0 0
cpu2 4177 35 6400 463405 1684 0 3105 0 0 0
cpu3 3475 201 3767 468701 1461 0 2359 0 0 0
1777987417
cpu0 4857 0 19390 442329 1648 0 7353 0 0 0
cpu1 4349 0 10419 455713 2083 0 4284 0 0 0
cpu2 4178 35 6402 463489 1684 0 3105 0 0 0
cpu3 3476 201 3769 468794 1461 0 2359 0 0 0
1777987418
cpu0 4857 0 19392 442425 1648 0 7353 0 0 0
cpu1 4350 0 10422 455810 2083 0 4284 0 0 0
cpu2 4178 35 6405 463586 1684 0 3105 0 0 0
cpu3 3477 201 3772 468890 1461 0 2359 0 0 0
1777987419
cpu0 4858 0 19395 442511 1648 0 7354 0 0 0
cpu1 4350 0 10424 455898 2083 0 4284 0 0 0
cpu2 4179 35 6407 463672 1684 0 3105 0 0 0
cpu3 3477 201 3775 468983 1461 0 2359 0 0 0
1777987421
cpu0 4858 0 19397 442585 1648 0 7355 0 0 0
cpu1 4351 0 10427 455975 2083 0 4285 0 0 0
cpu2 4179 35 6410 463746 1684 0 3106 0 0 0
cpu3 3478 201 3778 469072 1461 0 2359 0 0 0
1777987422
cpu0 4859 0 19399 442670 1648 0 7355 0 0 0
cpu1 4352 0 10429 456061 2083 0 4286 0 0 0
cpu2 4181 35 6413 463831 1684 0 3106 0 0 0
cpu3 3478 201 3780 469164 1461 0 2359 0 0 0
1777987423
cpu0 4860 0 19402 442768 1648 0 7355 0 0 0
cpu1 4352 0 10431 456158 2083 0 4286 0 0 0
cpu2 4181 35 6415 463928 1684 0 3106 0 0 0
cpu3 3478 201 3782 469262 1461 0 2359 0 0 0
1777987424
cpu0 4861 0 19405 442843 1648 0 7356 0 0 0
cpu1 4353 0 10434 456232 2083 0 4286 0 0 0
cpu2 4182 35 6419 464000 1684 0 3107 0 0 0
cpu3 3479 201 3785 469350 1461 0 2360 0 0 0
1777987425
cpu0 4861 0 19408 442911 1648 0 7358 0 0 0
cpu1 4354 0 10437 456299 2083 0 4287 0 0 0
cpu2 4183 35 6424 464066 1684 0 3107 0 0 0
cpu3 3479 201 3788 469435 1461 0 2360 0 0 0
1777987426
cpu0 4862 0 19411 443003 1648 0 7358 0 0 0
cpu1 4355 0 10440 456390 2083 0 4288 0 0 0
cpu2 4184 35 6427 464156 1684 0 3107 0 0 0
cpu3 3480 201 3791 469530 1461 0 2360 0 0 0
1777987427
cpu0 4862 0 19413 443097 1648 0 7358 0 0 0
cpu1 4355 0 10443 456483 2083 0 4288 0 0 0
cpu2 4184 35 6430 464249 1684 0 3107 0 0 0
cpu3 3481 201 3793 469626 1461 0 2360 0 0 0
1777987428
cpu0 4863 0 19417 443155 1648 0 7360 0 0 0
cpu1 4356 0 10448 456545 2083 0 4289 0 0 0
cpu2 4185 35 6434 464308 1684 0 3109 0 0 0
cpu3 3482 201 3797 469707 1461 0 2360 0 0 0
1777987429
cpu0 4865 0 19421 443218 1648 0 7362 0 0 0
cpu1 4357 0 10452 456609 2083 0 4291 0 0 0
cpu2 4186 35 6439 464371 1684 0 3110 0 0 0
cpu3 3483 201 3802 469789 1461 0 2361 0 0 0
1777987430
cpu0 4866 0 19423 443315 1648 0 7362 0 0 0
cpu1 4358 0 10454 456707 2083 0 4291 0 0 0
cpu2 4187 35 6441 464468 1684 0 3110 0 0 0
cpu3 3484 201 3804 469886 1461 0 2361 0 0 0
1777987431
cpu0 4867 0 19427 443391 1648 0 7364 0 0 0
cpu1 4359 0 10457 456786 2083 0 4293 0 0 0
cpu2 4188 35 6446 464546 1684 0 3112 0 0 0
cpu3 3485 201 3806 469977 1461 0 2361 0 0 0
1777987432
cpu0 4868 0 19433 443440 1648 0 7368 0 0 0
cpu1 4359 0 10464 456842 2083 0 4296 0 0 0
cpu2 4190 35 6450 464598 1684 0 3114 0 0 0
cpu3 3485 201 3809 470060 1461 0 2362 0 0 0
1777987433
cpu0 4868 0 19438 443509 1648 0 7371 0 0 0
cpu1 4360 0 10469 456914 2083 0 4298 0 0 0
cpu2 4191 35 6455 464669 1684 0 3116 0 0 0
cpu3 3486 201 3814 470147 1461 0 2362 0 0 0
1777987434
cpu0 4869 0 19441 443605 1648 0 7372 0 0 0
cpu1 4360 0 10471 457012 2083 0 4298 0 0 0
cpu2 4192 35 6457 464766 1684 0 3116 0 0 0
cpu3 3487 201 3817 470243 1461 0 2362 0 0 0
1777987435
cpu0 4870 0 19449 443661 1648 0 7378 0 0 0
cpu1 4362 0 10476 457073 2083 0 4302 0 0 0
cpu2 4193 35 6463 464827 1684 0 3119 0 0 0
cpu3 3487 201 3820 470323 1461 0 2363 0 0 0
1777987436
cpu0 4872 0 19458 443703 1648 0 7384 0 0 0
cpu1 4363 0 10485 457119 2083 0 4306 0 0 0
cpu2 4196 35 6471 464872 1684 0 3123 0 0 0
cpu3 3489 201 3824 470395 1461 0 2366 0 0 0
1777987437
cpu0 4872 0 19462 443786 1648 0 7387 0 0 0
cpu1 4364 0 10490 457204 2083 0 4307 0 0 0
cpu2 4196 35 6478 464954 1684 0 3124 0 0 0
cpu3 3489 201 3829 470484 1461 0 2367 0 0 0
1777987438
cpu0 4873 0 19465 443881 1648 0 7388 0 0 0
cpu1 4365 0 10492 457299 2083 0 4308 0 0 0
cpu2 4197 35 6482 465047 1684 0 3125 0 0 0
cpu3 3490 201 3831 470581 1461 0 2367 0 0 0
1777987439
cpu0 4876 0 19478 443914 1648 0 7399 0 0 0
cpu1 4366 0 10503 457341 2083 0 4316 0 0 0
cpu2 4200 35 6495 465081 1684 0 3134 0 0 0
cpu3 3491 201 3837 470652 1461 0 2370 0 0 0
1777987440
cpu0 4879 0 19489 443952 1648 0 7410 0 0 0
cpu1 4369 0 10514 457388 2083 0 4321 0 0 0
cpu2 4201 35 6509 465120 1684 0 3140 0 0 0
cpu3 3492 201 3841 470727 1461 0 2373 0 0 0
1777987441
cpu0 4880 0 19491 444048 1648 0 7410 0 0 0
cpu1 4369 0 10515 457486 2083 0 4321 0 0 0
cpu2 4202 35 6511 465217 1684 0 3141 0 0 0
cpu3 3493 201 3843 470823 1461 0 2373 0 0 0
1777987442
cpu0 4881 0 19501 444119 1648 0 7415 0 0 0
cpu1 4371 0 10522 457561 2083 0 4325 0 0 0
cpu2 4204 35 6519 465289 1684 0 3145 0 0 0
cpu3 3494 201 3847 470912 1461 0 2375 0 0 0
1777987443
cpu0 4883 0 19521 444144 1648 0 7431 0 0 0
cpu1 4373 0 10539 457593 2083 0 4339 0 0 0
cpu2 4205 35 6537 465319 1684 0 3159 0 0 0
cpu3 3496 201 3854 470983 1461 0 2380 0 0 0
1777987444
cpu0 4885 0 19536 444197 1648 0 7441 0 0 0
cpu1 4375 0 10550 457650 2083 0 4345 0 0 0
cpu2 4208 35 6547 465375 1684 0 3167 0 0 0
cpu3 3497 201 3859 471064 1461 0 2382 0 0 0
1777987445
cpu0 4886 0 19538 444293 1648 0 7441 0 0 0
cpu1 4376 0 10552 457747 2083 0 4345 0 0 0
cpu2 4209 35 6549 465472 1684 0 3168 0 0 0
cpu3 3497 201 3861 471162 1461 0 2382 0 0 0
1777987446
cpu0 4890 0 19552 444339 1648 0 7454 0 0 0
cpu1 4379 0 10571 457794 2083 0 4356 0 0 0
cpu2 4212 35 6566 465518 1684 0 3178 0 0 0
cpu3 3498 201 3866 471240 1461 0 2386 0 0 0
1777987447
cpu0 4894 0 19576 444362 1648 0 7470 0 0 0
cpu1 4383 0 10593 457818 2083 0 4374 0 0 0
cpu2 4214 35 6589 465543 1684 0 3192 0 0 0
cpu3 3500 201 3872 471308 1461 0 2392 0 0 0
1777987448
cpu0 4895 0 19585 444437 1648 0 7476 0 0 0
cpu1 4385 0 10602 457893 2083 0 4380 0 0 0
cpu2 4216 35 6597 465619 1684 0 3196 0 0 0
cpu3 3501 201 3877 471395 1461 0 2394 0 0 0
1777987449
cpu0 4896 0 19588 444533 1648 0 7476 0 0 0
cpu1 4386 0 10604 457990 2083 0 4380 0 0 0
cpu2 4216 35 6599 465716 1684 0 3196 0 0 0
cpu3 3503 201 3880 471489 1461 0 2394 0 0 0
1777987450
cpu0 4900 0 19624 444545 1648 0 7505 0 0 0
cpu1 4391 0 10632 458009 2083 0 4400 0 0 0
cpu2 4221 35 6628 465734 1684 0 3217 0 0 0
cpu3 3504 201 3886 471557 1461 0 2403 0 0 0
1777987451
cpu0 4905 0 19655 444558 1648 0 7532 0 0 0
cpu1 4396 0 10655 458031 2083 0 4419 0 0 0
cpu2 4225 35 6659 465753 1684 0 3236 0 0 0
cpu3 3505 201 3892 471626 1461 0 2409 0 0 0
1777987452
cpu0 4906 0 19658 444655 1648 0 7532 0 0 0
cpu1 4397 0 10657 458129 2083 0 4419 0 0 0
cpu2 4225 35 6662 465849 1684 0 3237 0 0 0
cpu3 3506 201 3894 471723 1461 0 2409 0 0 0
1777987453
cpu0 4909 0 19672 444723 1648 0 7544 0 0 0
cpu1 4399 0 10670 458200 2083 0 4428 0 0 0
cpu2 4227 35 6674 465921 1684 0 3244 0 0 0
cpu3 3507 201 3898 471810 1461 0 2412 0 0 0
1777987454
cpu0 4916 0 19720 444727 1648 0 7581 0 0 0
cpu1 4404 0 10704 458214 2083 0 4456 0 0 0
cpu2 4232 35 6706 465936 1684 0 3266 0 0 0
cpu3 3509 201 3905 471878 1461 0 2423 0 0 0
1777987455
cpu0 4921 0 19754 444760 1648 0 7605 0 0 0
cpu1 4407 0 10730 458254 2083 0 4474 0 0 0
cpu2 4237 35 6729 465976 1684 0 3282 0 0 0
cpu3 3511 201 3910 471954 1461 0 2429 0 0 0
1777987456
cpu0 4923 0 19756 444856 1648 0 7605 0 0 0
cpu1 4408 0 10732 458352 2083 0 4474 0 0 0
cpu2 4237 35 6731 466073 1684 0 3282 0 0 0
cpu3 3512 201 3912 472051 1461 0 2429 0 0 0
1777987457
cpu0 4928 0 19784 444896 1648 0 7626 0 0 0
cpu1 4412 0 10754 458395 2083 0 4489 0 0 0
cpu2 4241 35 6765 466111 1684 0 3303 0 0 0
cpu3 3513 201 3916 472120 1461 0 2440 0 0 0
1777987458
cpu0 4934 0 19836 444900 1648 0 7658 0 0 0
cpu1 4418 0 10797 458404 2083 0 4515 0 0 0
cpu2 4247 35 6819 466111 1684 0 3342 0 0 0
cpu3 3514 201 3923 472168 1461 0 2462 0 0 0
1777987459
cpu0 4937 0 19854 444963 1648 0 7669 0 0 0
cpu1 4420 0 10812 458471 2083 0 4522 0 0 0
cpu2 4250 35 6838 466175 1684 0 3355 0 0 0
cpu3 3516 201 3930 472245 1461 0 2471 0 0 0
