1777986875
cpu0 3784 0 12308 405054 1645 0 4160 0 0 0
cpu1 3494 0 5659 414275 2079 0 2272 0 0 0
cpu2 3601 35 3676 418480 1679 0 1652 0 0 0
cpu3 3032 201 2248 421136 1457 0 1290 0 0 0
1777986876
cpu0 3784 0 12309 405152 1645 0 4160 0 0 0
cpu1 3494 0 5661 414374 2079 0 2272 0 0 0
cpu2 3601 35 3678 418579 1679 0 1652 0 0 0
cpu3 3032 201 2249 421234 1457 0 1290 0 0 0
1777986877
cpu0 3785 0 12311 405247 1645 0 4161 0 0 0
cpu1 3495 0 5662 414468 2079 0 2273 0 0 0
cpu2 3602 35 3679 418672 1679 0 1653 0 0 0
cpu3 3033 201 2252 421330 1457 0 1290 0 0 0
1777986878
cpu0 3786 0 12313 405337 1645 0 4161 0 0 0
cpu1 3495 0 5664 414560 2079 0 2273 0 0 0
cpu2 3602 35 3681 418763 1679 0 1653 0 0 0
cpu3 3033 201 2253 421426 1457 0 1290 0 0 0
1777986879
cpu0 3786 0 12315 405431 1645 0 4162 0 0 0
cpu1 3496 0 5666 414656 2079 0 2273 0 0 0
cpu2 3603 35 3682 418859 1679 0 1653 0 0 0
cpu3 3034 201 2255 421523 1457 0 1290 0 0 0
1777986880
cpu0 3787 0 12316 405530 1645 0 4162 0 0 0
cpu1 3497 0 5668 414753 2079 0 2273 0 0 0
cpu2 3603 35 3683 418958 1679 0 1653 0 0 0
cpu3 3034 201 2255 421622 1457 0 1290 0 0 0
1777986881
cpu0 3787 0 12318 405613 1645 0 4163 0 0 0
cpu1 3498 0 5671 414842 2079 0 2273 0 0 0
cpu2 3603 35 3684 419043 1679 0 1653 0 0 0
cpu3 3034 201 2256 421717 1457 0 1290 0 0 0
1777986882
cpu0 3787 0 12319 405695 1645 0 4164 0 0 0
cpu1 3498 0 5672 414931 2079 0 2273 0 0 0
cpu2 3603 35 3686 419126 1679 0 1654 0 0 0
cpu3 3035 201 2257 421810 1457 0 1291 0 0 0
1777986883
cpu0 3788 0 12320 405792 1645 0 4164 0 0 0
cpu1 3499 0 5673 415028 2079 0 2274 0 0 0
cpu2 3604 35 3688 419223 1679 0 1654 0 0 0
cpu3 3035 201 2259 421907 1457 0 1291 0 0 0
1777986884
cpu0 3789 0 12321 405886 1645 0 4165 0 0 0
cpu1 3499 0 5674 415123 2079 0 2274 0 0 0
cpu2 3605 35 3689 419315 1679 0 1654 0 0 0
cpu3 3036 201 2260 422003 1457 0 1291 0 0 0
1777986885
cpu0 3789 0 12324 405964 1645 0 4165 0 0 0
cpu1 3500 0 5676 415197 2079 0 2275 0 0 0
cpu2 3605 35 3691 419397 1679 0 1654 0 0 0
cpu3 3037 201 2262 422094 1457 0 1291 0 0 0
1777986886
cpu0 3789 0 12325 406042 1645 0 4166 0 0 0
cpu1 3500 0 5678 415282 2079 0 2275 0 0 0
cpu2 3605 35 3694 419483 1679 0 1654 0 0 0
cpu3 3037 201 2263 422187 1457 0 1291 0 0 0
1777986887
cpu0 3790 0 12327 406140 1645 0 4166 0 0 0
cpu1 3501 0 5680 415380 2079 0 2275 0 0 0
cpu2 3606 35 3695 419581 1679 0 1655 0 0 0
cpu3 3037 201 2264 422286 1457 0 1291 0 0 0
1777986888
cpu0 3791 0 12330 406217 1645 0 4167 0 0 0
cpu1 3501 0 5681 415464 2079 0 2275 0 0 0
cpu2 3606 35 3696 419671 1679 0 1655 0 0 0
cpu3 3038 201 2266 422378 1457 0 1291 0 0 0
1777986889
cpu0 3792 0 12332 406284 1645 0 4168 0 0 0
cpu1 3502 0 5683 415540 2079 0 2275 0 0 0
cpu2 3607 35 3699 419739 1679 0 1656 0 0 0
cpu3 3039 201 2267 422465 1457 0 1291 0 0 0
1777986890
cpu0 3792 0 12334 406371 1645 0 4169 0 0 0
cpu1 3502 0 5685 415629 2079 0 2276 0 0 0
cpu2 3607 35 3701 419823 1679 0 1657 0 0 0
cpu3 3039 201 2269 422559 1457 0 1292 0 0 0
1777986891
cpu0 3793 0 12335 406469 1645 0 4169 0 0 0
cpu1 3503 0 5686 415727 2079 0 2276 0 0 0
cpu2 3608 35 3703 419920 1679 0 1657 0 0 0
cpu3 3040 201 2270 422657 1457 0 1292 0 0 0
1777986892
cpu0 3794 0 12338 406532 1645 0 4170 0 0 0
cpu1 3503 0 5688 415792 2079 0 2278 0 0 0
cpu2 3609 35 3705 419997 1679 0 1657 0 0 0
cpu3 3040 201 2272 422744 1457 0 1292 0 0 0
1777986893
cpu0 3795 0 12341 406598 1645 0 4172 0 0 0
cpu1 3504 0 5692 415856 2079 0 2278 0 0 0
cpu2 3609 35 3709 420060 1679 0 1658 0 0 0
cpu3 3041 201 2274 422830 1457 0 1292 0 0 0
1777986894
cpu0 3795 0 12343 406692 1645 0 4172 0 0 0
cpu1 3505 0 5695 415950 2079 0 2278 0 0 0
cpu2 3610 35 3711 420153 1679 0 1658 0 0 0
cpu3 3041 201 2276 422927 1457 0 1292 0 0 0
1777986895
cpu0 3796 0 12346 406779 1645 0 4174 0 0 0
cpu1 3505 0 5696 416046 2079 0 2279 0 0 0
cpu2 3611 35 3714 420242 1679 0 1658 0 0 0
cpu3 3041 201 2278 423021 1457 0 1292 0 0 0
1777986896
cpu0 3797 0 12352 406825 1645 0 4177 0 0 0
cpu1 3506 0 5700 416107 2079 0 2281 0 0 0
cpu2 3611 35 3718 420307 1679 0 1660 0 0 0
cpu3 3042 201 2280 423102 1457 0 1293 0 0 0
1777986897
cpu0 3798 0 12357 406890 1645 0 4179 0 0 0
cpu1 3507 0 5706 416170 2079 0 2283 0 0 0
cpu2 3612 35 3723 420375 1679 0 1661 0 0 0
cpu3 3043 201 2282 423186 1457 0 1294 0 0 0
1777986898
cpu0 3799 0 12358 406988 1645 0 4179 0 0 0
cpu1 3508 0 5707 416269 2079 0 2284 0 0 0
cpu2 3613 35 3725 420471 1679 0 1661 0 0 0
cpu3 3043 201 2284 423284 1457 0 1294 0 0 0
1777986899
cpu0 3800 0 12366 407054 1645 0 4184 0 0 0
cpu1 3508 0 5711 416345 2079 0 2285 0 0 0
cpu2 3613 35 3729 420552 1679 0 1664 0 0 0
cpu3 3044 201 2286 423372 1457 0 1295 0 0 0
1777986900
cpu0 3801 0 12376 407096 1645 0 4191 0 0 0
cpu1 3509 0 5717 416413 2079 0 2289 0 0 0
cpu2 3615 35 3742 420587 1679 0 1669 0 0 0
cpu3 3045 201 2289 423452 1458 0 1296 0 0 0
1777986901
cpu0 3802 0 12383 407168 1645 0 4195 0 0 0
cpu1 3509 0 5721 416486 2079 0 2292 0 0 0
cpu2 3616 35 3747 420660 1679 0 1672 0 0 0
cpu3 3046 201 2292 423540 1458 0 1298 0 0 0
1777986902
cpu0 3802 0 12385 407265 1645 0 4195 0 0 0
cpu1 3510 0 5723 416584 2079 0 2292 0 0 0
cpu2 3616 35 3748 420759 1679 0 1672 0 0 0
cpu3 3047 201 2293 423639 1458 0 1298 0 0 0
1777986903
cpu0 3803 0 12395 407322 1645 0 4202 0 0 0
cpu1 3512 0 5736 416628 2079 0 2299 0 0 0
cpu2 3618 35 3761 420813 1679 0 1680 0 0 0
cpu3 3047 201 2296 423722 1458 0 1300 0 0 0
1777986904
cpu0 3805 0 12409 407365 1645 0 4212 0 0 0
cpu1 3515 0 5748 416668 2079 0 2304 0 0 0
cpu2 3620 35 3774 420852 1679 0 1687 0 0 0
cpu3 3048 201 2299 423801 1458 0 1302 0 0 0
1777986905
cpu0 3807 0 12413 407452 1645 0 4214 0 0 0
cpu1 3516 0 5751 416758 2079 0 2306 0 0 0
cpu2 3621 35 3780 420936 1679 0 1688 0 0 0
cpu3 3049 201 2301 423895 1458 0 1303 0 0 0
1777986906
cpu0 3807 0 12417 407543 1645 0 4215 0 0 0
cpu1 3516 0 5753 416852 2079 0 2307 0 0 0
cpu2 3623 35 3784 421026 1679 0 1689 0 0 0
cpu3 3050 201 2303 423990 1458 0 1303 0 0 0
1777986907
cpu0 3811 0 12438 407576 1645 0 4230 0 0 0
cpu1 3519 0 5774 416881 2079 0 2319 0 0 0
cpu2 3625 35 3797 421073 1679 0 1697 0 0 0
cpu3 3051 201 2306 424060 1458 0 1309 0 0 0
1777986908
cpu0 3814 0 12458 407611 1645 0 4242 0 0 0
cpu1 3522 0 5790 416928 2079 0 2327 0 0 0
cpu2 3627 35 3811 421125 1679 0 1702 0 0 0
cpu3 3052 201 2309 424133 1458 0 1314 0 0 0
1777986909
cpu0 3814 0 12459 407710 1645 0 4242 0 0 0
cpu1 3522 0 5791 417027 2079 0 2327 0 0 0
cpu2 3628 35 3813 421223 1679 0 1702 0 0 0
cpu3 3053 201 2311 424230 1458 0 1314 0 0 0
1777986910
cpu0 3816 0 12474 407777 1645 0 4252 0 0 0
cpu1 3524 0 5803 417097 2079 0 2333 0 0 0
cpu2 3631 35 3827 421286 1679 0 1710 0 0 0
cpu3 3054 201 2314 424317 1458 0 1317 0 0 0
1777986911
cpu0 3820 0 12505 407805 1645 0 4273 0 0 0
cpu1 3528 0 5827 417122 2079 0 2346 0 0 0
cpu2 3635 35 3854 421319 1679 0 1724 0 0 0
cpu3 3054 201 2317 424392 1458 0 1323 0 0 0
1777986912
cpu0 3821 0 12513 407875 1645 0 4280 0 0 0
cpu1 3530 0 5847 417174 2079 0 2355 0 0 0
cpu2 3637 35 3879 421372 1679 0 1734 0 0 0
cpu3 3055 201 2320 424476 1458 0 1327 0 0 0
1777986913
cpu0 3822 0 12515 407973 1645 0 4281 0 0 0
cpu1 3531 0 5848 417273 2079 0 2355 0 0 0
cpu2 3638 35 3880 421470 1679 0 1734 0 0 0
cpu3 3056 201 2321 424575 1458 0 1327 0 0 0
1777986914
cpu0 3825 0 12533 408025 1645 0 4294 0 0 0
cpu1 3535 0 5881 417310 2079 0 2367 0 0 0
cpu2 3643 35 3912 421510 1679 0 1750 0 0 0
cpu3 3057 201 2324 424647 1458 0 1334 0 0 0
1777986915
cpu0 3826 0 12541 408082 1645 0 4308 0 0 0
cpu1 3541 0 5926 417320 2079 0 2388 0 0 0
cpu2 3649 35 3967 421516 1679 0 1771 0 0 0
cpu3 3058 201 2328 424710 1458 0 1345 0 0 0
1777986916
cpu0 3828 0 12552 408161 1645 0 4315 0 0 0
cpu1 3542 0 5934 417402 2079 0 2393 0 0 0
cpu2 3650 35 3975 421598 1679 0 1777 0 0 0
cpu3 3059 201 2330 424800 1458 0 1349 0 0 0
1777986917
cpu0 3829 0 12558 408253 1645 0 4318 0 0 0
cpu1 3542 0 5939 417493 2079 0 2396 0 0 0
cpu2 3651 35 3977 421694 1679 0 1777 0 0 0
cpu3 3060 201 2332 424895 1458 0 1350 0 0 0
1777986918
cpu0 3837 0 12621 408254 1645 0 4347 0 0 0
cpu1 3551 0 5992 417493 2079 0 2436 0 0 0
cpu2 3652 35 3983 421762 1679 0 1791 0 0 0
cpu3 3061 201 2336 424961 1458 0 1366 0 0 0
1777986919
cpu0 3840 0 12648 408295 1645 0 4365 0 0 0
cpu1 3557 0 6044 417501 2079 0 2469 0 0 0
cpu2 3656 35 4014 421803 1679 0 1805 0 0 0
cpu3 3062 201 2340 425030 1458 0 1376 0 0 0
1777986920
cpu0 3840 0 12648 408393 1645 0 4365 0 0 0
cpu1 3558 0 6045 417600 2079 0 2470 0 0 0
cpu2 3657 35 4016 421901 1679 0 1805 0 0 0
cpu3 3063 201 2342 425128 1458 0 1376 0 0 0
1777986921
cpu0 3841 0 12650 408467 1645 0 4375 0 0 0
cpu1 3560 0 6073 417659 2079 0 2479 0 0 0
cpu2 3661 35 4040 421960 1679 0 1819 0 0 0
cpu3 3063 201 2344 425213 1458 0 1383 0 0 0
1777986922
cpu0 3842 0 12654 408506 1645 0 4402 0 0 0
cpu1 3570 0 6140 417660 2079 0 2500 0 0 0
cpu2 3670 35 4106 421960 1679 0 1845 0 0 0
cpu3 3064 201 2350 425280 1458 0 1397 0 0 0
1777986923
cpu0 3844 0 12659 408565 1645 0 4423 0 0 0
cpu1 3576 0 6180 417701 2079 0 2513 0 0 0
cpu2 3675 35 4141 422004 1679 0 1861 0 0 0
cpu3 3066 201 2355 425358 1458 0 1407 0 0 0
