1777986768
cpu0 3571 0 11043 397775 1644 0 3537 0 0 0
cpu1 3319 0 4505 406835 2079 0 1760 0 0 0
cpu2 3527 35 3453 409148 1678 0 1402 0 0 0
cpu3 2960 201 2022 411673 1457 0 1086 0 0 0
1777986769
cpu0 3572 0 11045 397872 1644 0 3537 0 0 0
cpu1 3319 0 4507 406933 2079 0 1760 0 0 0
cpu2 3528 35 3454 409246 1678 0 1403 0 0 0
cpu3 2961 201 2022 411772 1457 0 1086 0 0 0
1777986770
cpu0 3572 0 11047 397965 1645 0 3537 0 0 0
cpu1 3320 0 4508 407026 2079 0 1760 0 0 0
cpu2 3528 35 3456 409343 1678 0 1403 0 0 0
cpu3 2961 201 2023 411869 1457 0 1086 0 0 0
1777986771
cpu0 3573 0 11048 398055 1645 0 3538 0 0 0
cpu1 3320 0 4510 407116 2079 0 1761 0 0 0
cpu2 3528 35 3458 409439 1678 0 1403 0 0 0
cpu3 2961 201 2024 411965 1457 0 1086 0 0 0
1777986772
cpu0 3573 0 11050 398150 1645 0 3538 0 0 0
cpu1 3320 0 4511 407211 2079 0 1761 0 0 0
cpu2 3529 35 3459 409537 1678 0 1403 0 0 0
cpu3 2962 201 2025 412063 1457 0 1086 0 0 0
1777986773
cpu0 3575 0 11051 398248 1645 0 3538 0 0 0
cpu1 3321 0 4513 407309 2079 0 1761 0 0 0
cpu2 3529 35 3460 409635 1678 0 1403 0 0 0
cpu3 2962 201 2027 412161 1457 0 1086 0 0 0
1777986774
cpu0 3575 0 11053 398330 1645 0 3538 0 0 0
cpu1 3321 0 4514 407392 2079 0 1762 0 0 0
cpu2 3529 35 3461 409728 1678 0 1403 0 0 0
cpu3 2962 201 2028 412257 1457 0 1087 0 0 0
1777986775
cpu0 3576 0 11054 398412 1645 0 3539 0 0 0
cpu1 3322 0 4515 407475 2079 0 1762 0 0 0
cpu2 3530 35 3463 409819 1678 0 1403 0 0 0
cpu3 2962 201 2029 412351 1457 0 1087 0 0 0
1777986776
cpu0 3577 0 11056 398508 1645 0 3540 0 0 0
cpu1 3322 0 4516 407572 2079 0 1763 0 0 0
cpu2 3531 35 3464 409917 1678 0 1403 0 0 0
cpu3 2963 201 2031 412448 1457 0 1087 0 0 0
1777986777
cpu0 3578 0 11058 398599 1645 0 3540 0 0 0
cpu1 3323 0 4517 407665 2079 0 1763 0 0 0
cpu2 3531 35 3465 410013 1678 0 1403 0 0 0
cpu3 2964 201 2033 412543 1457 0 1087 0 0 0
1777986778
cpu0 3578 0 11060 398672 1645 0 3542 0 0 0
cpu1 3323 0 4518 407738 2079 0 1764 0 0 0
cpu2 3531 35 3467 410104 1678 0 1403 0 0 0
cpu3 2965 201 2034 412633 1457 0 1087 0 0 0
1777986779
cpu0 3578 0 11062 398751 1645 0 3543 0 0 0
cpu1 3324 0 4520 407818 2079 0 1764 0 0 0
cpu2 3532 35 3469 410195 1678 0 1403 0 0 0
cpu3 2966 201 2036 412726 1457 0 1087 0 0 0
1777986780
cpu0 3578 0 11063 398849 1645 0 3543 0 0 0
cpu1 3324 0 4521 407916 2079 0 1764 0 0 0
cpu2 3533 35 3470 410294 1678 0 1403 0 0 0
cpu3 2966 201 2037 412824 1457 0 1087 0 0 0
1777986781
cpu0 3579 0 11065 398927 1645 0 3544 0 0 0
cpu1 3325 0 4523 407996 2079 0 1765 0 0 0
cpu2 3534 35 3472 410384 1678 0 1404 0 0 0
cpu3 2966 201 2039 412918 1457 0 1087 0 0 0
1777986782
cpu0 3580 0 11068 398989 1645 0 3546 0 0 0
cpu1 3326 0 4525 408064 2079 0 1767 0 0 0
cpu2 3534 35 3473 410469 1678 0 1404 0 0 0
cpu3 2967 201 2040 413007 1457 0 1087 0 0 0
1777986783
cpu0 3581 0 11069 399073 1645 0 3546 0 0 0
cpu1 3326 0 4526 408148 2079 0 1768 0 0 0
cpu2 3535 35 3474 410562 1678 0 1404 0 0 0
cpu3 2967 201 2042 413101 1457 0 1087 0 0 0
1777986784
cpu0 3581 0 11071 399171 1645 0 3547 0 0 0
cpu1 3327 0 4527 408248 2079 0 1768 0 0 0
cpu2 3536 35 3475 410661 1678 0 1404 0 0 0
cpu3 2968 201 2044 413199 1457 0 1087 0 0 0
1777986785
cpu0 3582 0 11077 399229 1645 0 3549 0 0 0
cpu1 3327 0 4531 408308 2079 0 1770 0 0 0
cpu2 3536 35 3477 410749 1678 0 1404 0 0 0
cpu3 2969 201 2046 413284 1457 0 1087 0 0 0
1777986786
cpu0 3582 0 11081 399283 1645 0 3551 0 0 0
cpu1 3329 0 4533 408365 2079 0 1771 0 0 0
cpu2 3536 35 3480 410836 1678 0 1405 0 0 0
cpu3 2969 201 2048 413367 1457 0 1088 0 0 0
1777986787
cpu0 3583 0 11083 399377 1645 0 3552 0 0 0
cpu1 3329 0 4536 408457 2079 0 1772 0 0 0
cpu2 3537 35 3482 410932 1678 0 1405 0 0 0
cpu3 2969 201 2051 413462 1457 0 1089 0 0 0
1777986788
cpu0 3584 0 11084 399466 1645 0 3553 0 0 0
cpu1 3329 0 4537 408546 2079 0 1772 0 0 0
cpu2 3537 35 3483 411027 1678 0 1405 0 0 0
cpu3 2969 201 2053 413557 1457 0 1089 0 0 0
1777986789
cpu0 3585 0 11092 399515 1645 0 3556 0 0 0
cpu1 3331 0 4545 408591 2079 0 1777 0 0 0
cpu2 3538 35 3485 411109 1678 0 1406 0 0 0
cpu3 2971 201 2055 413637 1457 0 1089 0 0 0
1777986790
cpu0 3586 0 11096 399576 1645 0 3557 0 0 0
cpu1 3332 0 4551 408647 2079 0 1780 0 0 0
cpu2 3539 35 3487 411195 1678 0 1407 0 0 0
cpu3 2972 201 2058 413721 1457 0 1090 0 0 0
1777986791
cpu0 3587 0 11096 399675 1645 0 3558 0 0 0
cpu1 3333 0 4552 408745 2079 0 1780 0 0 0
cpu2 3540 35 3489 411293 1678 0 1407 0 0 0
cpu3 2972 201 2059 413819 1457 0 1090 0 0 0
1777986792
cpu0 3588 0 11102 399742 1645 0 3560 0 0 0
cpu1 3333 0 4557 408814 2079 0 1782 0 0 0
cpu2 3541 35 3491 411382 1678 0 1407 0 0 0
cpu3 2973 201 2061 413909 1457 0 1091 0 0 0
1777986793
cpu0 3590 0 11114 399777 1645 0 3566 0 0 0
cpu1 3335 0 4568 408853 2079 0 1787 0 0 0
cpu2 3542 35 3493 411463 1678 0 1410 0 0 0
cpu3 2973 201 2064 413989 1457 0 1092 0 0 0
1777986794
cpu0 3591 0 11121 399845 1645 0 3570 0 0 0
cpu1 3336 0 4573 408923 2079 0 1791 0 0 0
cpu2 3543 35 3495 411552 1678 0 1411 0 0 0
cpu3 2974 201 2067 414078 1457 0 1093 0 0 0
1777986795
cpu0 3591 0 11123 399943 1645 0 3570 0 0 0
cpu1 3336 0 4575 409021 2079 0 1791 0 0 0
cpu2 3543 35 3495 411651 1678 0 1411 0 0 0
cpu3 2974 201 2068 414176 1457 0 1093 0 0 0
1777986796
cpu0 3594 0 11138 399983 1645 0 3575 0 0 0
cpu1 3339 0 4590 409061 2079 0 1796 0 0 0
cpu2 3543 35 3498 411727 1678 0 1413 0 0 0
cpu3 2974 201 2070 414252 1457 0 1094 0 0 0
1777986797
cpu0 3597 0 11156 400011 1645 0 3581 0 0 0
cpu1 3341 0 4603 409091 2079 0 1804 0 0 0
cpu2 3544 35 3503 411798 1678 0 1417 0 0 0
cpu3 2975 201 2074 414322 1457 0 1098 0 0 0
1777986798
cpu0 3597 0 11160 400099 1645 0 3583 0 0 0
cpu1 3342 0 4608 409178 2079 0 1806 0 0 0
cpu2 3545 35 3505 411891 1678 0 1417 0 0 0
cpu3 2976 201 2076 414415 1457 0 1099 0 0 0
1777986799
cpu0 3599 0 11164 400186 1645 0 3584 0 0 0
cpu1 3342 0 4612 409266 2079 0 1807 0 0 0
cpu2 3546 35 3507 411985 1678 0 1418 0 0 0
cpu3 2976 201 2077 414511 1457 0 1099 0 0 0
1777986800
cpu0 3604 0 11198 400201 1645 0 3604 0 0 0
cpu1 3347 0 4636 409290 2079 0 1820 0 0 0
cpu2 3546 35 3510 412049 1678 0 1425 0 0 0
cpu3 2978 201 2080 414589 1457 0 1101 0 0 0
1777986801
cpu0 3608 0 11228 400229 1645 0 3616 0 0 0
cpu1 3350 0 4655 409326 2079 0 1830 0 0 0
cpu2 3547 35 3513 412119 1678 0 1431 0 0 0
cpu3 2978 201 2083 414670 1457 0 1105 0 0 0
1777986802
cpu0 3609 0 11229 400327 1645 0 3617 0 0 0
cpu1 3351 0 4656 409424 2079 0 1830 0 0 0
cpu2 3548 35 3515 412215 1678 0 1431 0 0 0
cpu3 2980 201 2084 414768 1457 0 1105 0 0 0
1777986803
cpu0 3611 0 11248 400386 1645 0 3624 0 0 0
cpu1 3353 0 4678 409482 2079 0 1836 0 0 0
cpu2 3550 35 3517 412295 1678 0 1435 0 0 0
cpu3 2981 201 2086 414852 1457 0 1108 0 0 0
1777986804
cpu0 3616 0 11285 400399 1645 0 3637 0 0 0
cpu1 3358 0 4716 409494 2079 0 1853 0 0 0
cpu2 3551 35 3521 412356 1678 0 1443 0 0 0
cpu3 2981 201 2088 414920 1457 0 1115 0 0 0
1777986805
cpu0 3620 0 11304 400453 1645 0 3645 0 0 0
cpu1 3360 0 4737 409547 2079 0 1862 0 0 0
cpu2 3552 35 3524 412433 1678 0 1447 0 0 0
cpu3 2982 201 2090 415002 1457 0 1118 0 0 0
1777986806
cpu0 3620 0 11305 400552 1645 0 3645 0 0 0
cpu1 3360 0 4738 409647 2079 0 1862 0 0 0
cpu2 3553 35 3526 412531 1678 0 1447 0 0 0
cpu3 2983 201 2093 415099 1457 0 1118 0 0 0
1777986807
cpu0 3626 0 11348 400576 1645 0 3662 0 0 0
cpu1 3367 0 4772 409674 2079 0 1879 0 0 0
cpu2 3553 35 3529 412605 1678 0 1454 0 0 0
cpu3 2984 201 2095 415172 1457 0 1127 0 0 0
1777986808
cpu0 3633 0 11405 400580 1645 0 3688 0 0 0
cpu1 3373 0 4822 409681 2079 0 1899 0 0 0
cpu2 3555 35 3533 412670 1678 0 1465 0 0 0
cpu3 2985 201 2098 415238 1457 0 1136 0 0 0
1777986809
cpu0 3635 0 11417 400659 1645 0 3694 0 0 0
cpu1 3375 0 4832 409761 2079 0 1904 0 0 0
cpu2 3556 35 3536 412760 1678 0 1470 0 0 0
cpu3 2986 201 2100 415329 1457 0 1140 0 0 0
1777986810
cpu0 3635 0 11424 400749 1645 0 3697 0 0 0
cpu1 3376 0 4838 409851 2079 0 1907 0 0 0
cpu2 3557 35 3538 412855 1678 0 1471 0 0 0
cpu3 2986 201 2103 415424 1457 0 1141 0 0 0
1777986811
cpu0 3641 0 11485 400749 1645 0 3732 0 0 0
cpu1 3384 0 4900 409852 2079 0 1935 0 0 0
cpu2 3558 35 3541 412920 1678 0 1487 0 0 0
cpu3 2987 201 2105 415495 1457 0 1157 0 0 0
1777986812
cpu0 3647 0 11539 400760 1645 0 3761 0 0 0
cpu1 3391 0 4956 409864 2079 0 1957 0 0 0
cpu2 3559 35 3545 412989 1678 0 1498 0 0 0
cpu3 2987 201 2108 415568 1457 0 1168 0 0 0
1777986813
cpu0 3647 0 11540 400858 1645 0 3762 0 0 0
cpu1 3391 0 4956 409963 2079 0 1957 0 0 0
cpu2 3560 35 3548 413086 1678 0 1498 0 0 0
cpu3 2988 201 2110 415666 1457 0 1168 0 0 0
1777986814
cpu0 3651 0 11565 400915 1645 0 3776 0 0 0
cpu1 3394 0 4984 410021 2079 0 1966 0 0 0
cpu2 3561 35 3550 413168 1678 0 1506 0 0 0
cpu3 2988 201 2112 415752 1457 0 1173 0 0 0
1777986815
cpu0 3659 0 11625 400915 1645 0 3809 0 0 0
cpu1 3401 0 5050 410023 2079 0 1988 0 0 0
cpu2 3562 35 3553 413227 1678 0 1525 0 0 0
cpu3 2989 201 2116 415821 1457 0 1183 0 0 0
1777986816
cpu0 3663 0 11658 400958 1645 0 3829 0 0 0
cpu1 3406 0 5088 410066 2079 0 2003 0 0 0
cpu2 3562 35 3555 413305 1678 0 1538 0 0 0
cpu3 2990 201 2120 415901 1457 0 1192 0 0 0
