1777986232
cpu0 2623 0 4339 358736 1642 0 1083 0 0 0
cpu1 2805 0 1321 362321 2074 0 280 0 0 0
cpu2 3124 35 1344 362422 1674 0 255 0 0 0
cpu3 2688 201 1364 362886 1452 0 246 0 0 0
1777986233
cpu0 2623 0 4339 358835 1642 0 1083 0 0 0
cpu1 2806 0 1321 362420 2074 0 280 0 0 0
cpu2 3125 35 1345 362521 1674 0 255 0 0 0
cpu3 2689 201 1365 362984 1452 0 246 0 0 0
1777986234
cpu0 2623 0 4340 358932 1642 0 1084 0 0 0
cpu1 2806 0 1321 362514 2074 0 280 0 0 0
cpu2 3125 35 1345 362619 1674 0 255 0 0 0
cpu3 2689 201 1365 363082 1452 0 246 0 0 0
1777986235
cpu0 2624 0 4340 359025 1642 0 1084 0 0 0
cpu1 2806 0 1322 362607 2074 0 280 0 0 0
cpu2 3125 35 1345 362717 1674 0 255 0 0 0
cpu3 2689 201 1366 363180 1452 0 246 0 0 0
1777986236
cpu0 2624 0 4341 359121 1642 0 1084 0 0 0
cpu1 2807 0 1323 362704 2074 0 280 0 0 0
cpu2 3125 35 1346 362815 1674 0 255 0 0 0
cpu3 2689 201 1366 363278 1452 0 246 0 0 0
1777986237
cpu0 2624 0 4341 359221 1642 0 1084 0 0 0
cpu1 2807 0 1324 362803 2074 0 280 0 0 0
cpu2 3125 35 1347 362914 1674 0 255 0 0 0
cpu3 2689 201 1367 363378 1452 0 246 0 0 0
1777986238
cpu0 2624 0 4341 359300 1642 0 1085 0 0 0
cpu1 2808 0 1325 362896 2074 0 280 0 0 0
cpu2 3126 35 1347 363009 1674 0 255 0 0 0
cpu3 2690 201 1367 363473 1452 0 246 0 0 0
1777986239
cpu0 2624 0 4342 359379 1642 0 1085 0 0 0
cpu1 2808 0 1326 362989 2074 0 280 0 0 0
cpu2 3126 35 1348 363104 1674 0 255 0 0 0
cpu3 2690 201 1367 363568 1452 0 246 0 0 0
1777986240
cpu0 2624 0 4343 359476 1642 0 1085 0 0 0
cpu1 2808 0 1327 363087 2074 0 280 0 0 0
cpu2 3126 35 1348 363203 1674 0 256 0 0 0
cpu3 2690 201 1367 363668 1452 0 246 0 0 0
1777986241
cpu0 2625 0 4344 359568 1642 0 1086 0 0 0
cpu1 2808 0 1328 363183 2074 0 280 0 0 0
cpu2 3126 35 1349 363301 1674 0 256 0 0 0
cpu3 2690 201 1367 363766 1452 0 246 0 0 0
1777986242
cpu0 2625 0 4345 359640 1642 0 1086 0 0 0
cpu1 2809 0 1328 363267 2074 0 281 0 0 0
cpu2 3126 35 1349 363394 1674 0 256 0 0 0
cpu3 2690 201 1368 363858 1452 0 246 0 0 0
1777986243
cpu0 2625 0 4345 359729 1642 0 1086 0 0 0
cpu1 2809 0 1329 363344 2074 0 281 0 0 0
cpu2 3126 35 1349 363489 1674 0 256 0 0 0
cpu3 2690 201 1369 363951 1452 0 246 0 0 0
1777986244
cpu0 2626 0 4346 359828 1642 0 1086 0 0 0
cpu1 2809 0 1330 363443 2074 0 281 0 0 0
cpu2 3127 35 1349 363589 1674 0 256 0 0 0
cpu3 2691 201 1369 364050 1452 0 246 0 0 0
1777986245
cpu0 2626 0 4346 359905 1642 0 1087 0 0 0
cpu1 2810 0 1331 363534 2074 0 281 0 0 0
cpu2 3127 35 1350 363684 1674 0 256 0 0 0
cpu3 2691 201 1369 364144 1452 0 246 0 0 0
1777986246
cpu0 2627 0 4348 359970 1642 0 1087 0 0 0
cpu1 2810 0 1333 363609 2074 0 281 0 0 0
cpu2 3127 35 1350 363775 1674 0 256 0 0 0
cpu3 2692 201 1370 364231 1452 0 247 0 0 0
1777986247
cpu0 2628 0 4349 360059 1642 0 1087 0 0 0
cpu1 2811 0 1334 363693 2074 0 282 0 0 0
cpu2 3128 35 1351 363870 1674 0 256 0 0 0
cpu3 2692 201 1371 364325 1452 0 247 0 0 0
1777986248
cpu0 2628 0 4350 360158 1642 0 1087 0 0 0
cpu1 2811 0 1335 363793 2074 0 282 0 0 0
cpu2 3128 35 1352 363970 1674 0 256 0 0 0
cpu3 2692 201 1371 364425 1452 0 247 0 0 0
1777986250
cpu0 2629 0 4353 360230 1642 0 1089 0 0 0
cpu1 2812 0 1339 363856 2074 0 284 0 0 0
cpu2 3128 35 1352 364063 1674 0 257 0 0 0
cpu3 2692 201 1371 364513 1452 0 247 0 0 0
1777986251
cpu0 2630 0 4358 360281 1642 0 1091 0 0 0
cpu1 2813 0 1342 363927 2074 0 285 0 0 0
cpu2 3129 35 1352 364154 1674 0 257 0 0 0
cpu3 2693 201 1372 364599 1452 0 248 0 0 0
1777986252
cpu0 2630 0 4358 360373 1642 0 1091 0 0 0
cpu1 2813 0 1343 364025 2074 0 285 0 0 0
cpu2 3129 35 1353 364252 1674 0 257 0 0 0
cpu3 2693 201 1372 364697 1452 0 248 0 0 0
1777986253
cpu0 2630 0 4362 360460 1642 0 1092 0 0 0
cpu1 2813 0 1344 364122 2074 0 285 0 0 0
cpu2 3129 35 1354 364349 1674 0 258 0 0 0
cpu3 2694 201 1373 364793 1452 0 248 0 0 0
1777986254
cpu0 2632 0 4374 360510 1642 0 1097 0 0 0
cpu1 2814 0 1353 364180 2074 0 287 0 0 0
cpu2 3129 35 1355 364437 1674 0 259 0 0 0
cpu3 2694 201 1374 364875 1452 0 250 0 0 0
1777986255
cpu0 2633 0 4378 360588 1642 0 1099 0 0 0
cpu1 2816 0 1365 364227 2074 0 289 0 0 0
cpu2 3130 35 1355 364529 1674 0 260 0 0 0
cpu3 2694 201 1375 364961 1452 0 250 0 0 0
1777986256
cpu0 2633 0 4378 360688 1642 0 1099 0 0 0
cpu1 2817 0 1365 364327 2074 0 289 0 0 0
cpu2 3130 35 1356 364628 1674 0 260 0 0 0
cpu3 2695 201 1375 365060 1452 0 250 0 0 0
1777986257
cpu0 2637 0 4401 360751 1642 0 1103 0 0 0
cpu1 2818 0 1370 364407 2074 0 293 0 0 0
cpu2 3130 35 1357 364716 1674 0 263 0 0 0
cpu3 2695 201 1377 365153 1452 0 251 0 0 0
1777986258
cpu0 2640 0 4427 360797 1642 0 1109 0 0 0
cpu1 2821 0 1392 364450 2074 0 299 0 0 0
cpu2 3130 35 1357 364794 1674 0 266 0 0 0
cpu3 2696 201 1377 365240 1453 0 253 0 0 0
1777986259
cpu0 2641 0 4440 360870 1642 0 1113 0 0 0
cpu1 2823 0 1402 364522 2074 0 302 0 0 0
cpu2 3131 35 1357 364883 1674 0 267 0 0 0
cpu3 2696 201 1378 365334 1453 0 253 0 0 0
1777986260
cpu0 2641 0 4441 360970 1642 0 1114 0 0 0
cpu1 2823 0 1402 364621 2074 0 302 0 0 0
cpu2 3131 35 1358 364983 1674 0 267 0 0 0
cpu3 2697 201 1378 365433 1453 0 253 0 0 0
1777986261
cpu0 2648 0 4499 360990 1642 0 1128 0 0 0
cpu1 2824 0 1402 364703 2074 0 309 0 0 0
cpu2 3131 35 1358 365068 1674 0 274 0 0 0
cpu3 2697 201 1379 365516 1453 0 258 0 0 0
1777986262
cpu0 2655 0 4573 360990 1642 0 1148 0 0 0
cpu1 2824 0 1403 364784 2074 0 315 0 0 0
cpu2 3131 35 1358 365150 1674 0 279 0 0 0
cpu3 2698 201 1380 365596 1453 0 265 0 0 0
1777986263
cpu0 2657 0 4588 361069 1642 0 1152 0 0 0
cpu1 2825 0 1403 364879 2074 0 317 0 0 0
cpu2 3132 35 1359 365246 1674 0 281 0 0 0
cpu3 2698 201 1381 365690 1453 0 266 0 0 0
1777986264
cpu0 2658 0 4596 361157 1642 0 1154 0 0 0
cpu1 2825 0 1404 364975 2074 0 319 0 0 0
cpu2 3132 35 1360 365344 1674 0 282 0 0 0
cpu3 2698 201 1383 365787 1453 0 268 0 0 0
1777986265
cpu0 2665 0 4665 361157 1642 0 1179 0 0 0
cpu1 2825 0 1404 365054 2074 0 328 0 0 0
cpu2 3133 35 1360 365425 1674 0 291 0 0 0
cpu3 2699 201 1384 365870 1453 0 272 0 0 0
1777986266
cpu0 2672 0 4727 361169 1642 0 1199 0 0 0
cpu1 2825 0 1405 365135 2074 0 335 0 0 0
cpu2 3133 35 1361 365510 1674 0 296 0 0 0
cpu3 2699 201 1385 365956 1453 0 277 0 0 0
1777986267
cpu0 2672 0 4728 361268 1642 0 1199 0 0 0
cpu1 2826 0 1406 365233 2074 0 335 0 0 0
cpu2 3133 35 1361 365609 1674 0 296 0 0 0
cpu3 2700 201 1386 366055 1453 0 277 0 0 0
1777986268
cpu0 2676 0 4759 361326 1642 0 1208 0 0 0
cpu1 2826 0 1408 365323 2074 0 338 0 0 0
cpu2 3134 35 1362 365700 1674 0 300 0 0 0
cpu3 2700 201 1386 366145 1453 0 280 0 0 0
1777986269
cpu0 2683 0 4834 361326 1642 0 1226 0 0 0
cpu1 2827 0 1409 365400 2074 0 347 0 0 0
cpu2 3134 35 1362 365782 1674 0 308 0 0 0
cpu3 2701 201 1387 366223 1453 0 288 0 0 0
1777986270
cpu0 2688 0 4873 361369 1642 0 1239 0 0 0
cpu1 2827 0 1410 365487 2074 0 350 0 0 0
cpu2 3135 35 1363 365872 1674 0 312 0 0 0
cpu3 2701 201 1387 366309 1453 0 291 0 0 0
1777986271
cpu0 2689 0 4873 361469 1642 0 1239 0 0 0
cpu1 2827 0 1410 365587 2074 0 350 0 0 0
cpu2 3135 35 1363 365971 1674 0 312 0 0 0
cpu3 2701 201 1388 366409 1453 0 291 0 0 0
1777986272
cpu0 2694 0 4923 361495 1642 0 1258 0 0 0
cpu1 2828 0 1411 365672 2074 0 357 0 0 0
cpu2 3135 35 1364 366059 1674 0 315 0 0 0
cpu3 2701 201 1389 366493 1453 0 295 0 0 0
1777986273
cpu0 2700 0 4990 361495 1642 0 1285 0 0 0
cpu1 2828 0 1412 365754 2074 0 362 0 0 0
cpu2 3135 35 1364 366144 1674 0 321 0 0 0
cpu3 2702 201 1390 366573 1453 0 301 0 0 0
1777986274
cpu0 2702 0 5009 361569 1642 0 1291 0 0 0
cpu1 2829 0 1412 365849 2074 0 363 0 0 0
cpu2 3136 35 1365 366239 1674 0 323 0 0 0
cpu3 2702 201 1391 366666 1453 0 302 0 0 0
1777986275
cpu0 2702 0 5014 361664 1642 0 1292 0 0 0
cpu1 2829 0 1413 365948 2074 0 363 0 0 0
cpu2 3136 35 1365 366338 1674 0 323 0 0 0
cpu3 2703 201 1392 366764 1453 0 302 0 0 0
1777986276
cpu0 2708 0 5087 361664 1642 0 1313 0 0 0
cpu1 2829 0 1413 366030 2074 0 371 0 0 0
cpu2 3136 35 1365 366420 1674 0 330 0 0 0
cpu3 2703 201 1393 366844 1453 0 308 0 0 0
1777986277
cpu0 2716 0 5152 361670 1642 0 1334 0 0 0
cpu1 2830 0 1414 366111 2074 0 378 0 0 0
cpu2 3138 35 1366 366502 1674 0 335 0 0 0
cpu3 2704 201 1394 366923 1453 0 316 0 0 0
1777986278
cpu0 2716 0 5153 361770 1642 0 1334 0 0 0
cpu1 2831 0 1414 366211 2074 0 378 0 0 0
cpu2 3138 35 1367 366601 1674 0 335 0 0 0
cpu3 2704 201 1395 367022 1453 0 316 0 0 0
1777986279
cpu0 2717 0 5154 361858 1642 0 1338 0 0 0
cpu1 2834 0 1441 366274 2074 0 385 0 0 0
cpu2 3138 35 1367 366695 1674 0 337 0 0 0
cpu3 2705 201 1396 367113 1453 0 320 0 0 0
1777986280
cpu0 2717 0 5154 361929 1642 0 1346 0 0 0
cpu1 2842 0 1517 366274 2074 0 401 0 0 0
cpu2 3139 35 1368 366782 1674 0 341 0 0 0
cpu3 2705 201 1396 367192 1453 0 325 0 0 0
1777986281
cpu0 2718 0 5155 362011 1642 0 1351 0 0 0
cpu1 2848 0 1563 366311 2074 0 413 0 0 0
cpu2 3139 35 1369 366873 1674 0 343 0 0 0
cpu3 2706 201 1396 367279 1453 0 329 0 0 0
