1777986820
cpu0 3688 0 11668 401330 1645 0 3830 0 0 0
cpu1 3409 0 5096 410463 2079 0 2003 0 0 0
cpu2 3564 35 3562 413702 1678 0 1538 0 0 0
cpu3 2992 201 2128 416296 1457 0 1192 0 0 0
1777986821
cpu0 3688 0 11669 401428 1645 0 3830 0 0 0
cpu1 3409 0 5097 410561 2079 0 2003 0 0 0
cpu2 3565 35 3563 413800 1678 0 1538 0 0 0
cpu3 2993 201 2130 416394 1457 0 1192 0 0 0
1777986822
cpu0 3689 0 11670 401520 1645 0 3831 0 0 0
cpu1 3410 0 5099 410653 2079 0 2003 0 0 0
cpu2 3565 35 3565 413896 1678 0 1538 0 0 0
cpu3 2993 201 2131 416489 1457 0 1192 0 0 0
1777986823
cpu0 3689 0 11672 401609 1645 0 3832 0 0 0
cpu1 3410 0 5100 410744 2079 0 2004 0 0 0
cpu2 3565 35 3566 413991 1678 0 1538 0 0 0
cpu3 2994 201 2133 416585 1457 0 1192 0 0 0
1777986824
cpu0 3689 0 11674 401706 1645 0 3832 0 0 0
cpu1 3411 0 5102 410841 2079 0 2004 0 0 0
cpu2 3566 35 3567 414090 1678 0 1539 0 0 0
cpu3 2994 201 2134 416683 1457 0 1192 0 0 0
1777986825
cpu0 3690 0 11676 401801 1645 0 3832 0 0 0
cpu1 3411 0 5103 410937 2079 0 2004 0 0 0
cpu2 3566 35 3568 414188 1678 0 1539 0 0 0
cpu3 2995 201 2136 416780 1457 0 1192 0 0 0
1777986826
cpu0 3691 0 11678 401882 1645 0 3833 0 0 0
cpu1 3411 0 5104 411019 2079 0 2005 0 0 0
cpu2 3566 35 3569 414281 1678 0 1539 0 0 0
cpu3 2995 201 2138 416873 1457 0 1192 0 0 0
1777986827
cpu0 3691 0 11680 401964 1645 0 3834 0 0 0
cpu1 3411 0 5106 411104 2079 0 2006 0 0 0
cpu2 3566 35 3571 414375 1678 0 1539 0 0 0
cpu3 2996 201 2139 416966 1457 0 1192 0 0 0
1777986828
cpu0 3692 0 11682 402062 1645 0 3834 0 0 0
cpu1 3412 0 5107 411203 2079 0 2006 0 0 0
cpu2 3567 35 3572 414473 1678 0 1539 0 0 0
cpu3 2996 201 2141 417064 1457 0 1192 0 0 0
1777986829
cpu0 3693 0 11683 402147 1645 0 3835 0 0 0
cpu1 3412 0 5109 411288 2079 0 2006 0 0 0
cpu2 3568 35 3573 414567 1678 0 1539 0 0 0
cpu3 2997 201 2143 417158 1457 0 1192 0 0 0
1777986830
cpu0 3693 0 11685 402220 1645 0 3836 0 0 0
cpu1 3413 0 5111 411360 2079 0 2007 0 0 0
cpu2 3569 35 3574 414658 1678 0 1539 0 0 0
cpu3 2997 201 2145 417248 1457 0 1193 0 0 0
1777986831
cpu0 3693 0 11686 402305 1645 0 3837 0 0 0
cpu1 3414 0 5113 411445 2079 0 2007 0 0 0
cpu2 3569 35 3576 414753 1678 0 1540 0 0 0
cpu3 2997 201 2147 417342 1457 0 1193 0 0 0
1777986832
cpu0 3694 0 11688 402403 1645 0 3837 0 0 0
cpu1 3414 0 5114 411543 2079 0 2007 0 0 0
cpu2 3569 35 3577 414851 1678 0 1540 0 0 0
cpu3 2998 201 2148 417440 1457 0 1193 0 0 0
1777986833
cpu0 3695 0 11690 402473 1645 0 3838 0 0 0
cpu1 3415 0 5117 411612 2079 0 2008 0 0 0
cpu2 3570 35 3579 414938 1678 0 1540 0 0 0
cpu3 2998 201 2150 417533 1457 0 1193 0 0 0
1777986834
cpu0 3695 0 11692 402539 1645 0 3839 0 0 0
cpu1 3416 0 5119 411676 2079 0 2009 0 0 0
cpu2 3571 35 3581 415023 1678 0 1540 0 0 0
cpu3 2999 201 2152 417624 1457 0 1193 0 0 0
1777986835
cpu0 3695 0 11694 402631 1645 0 3840 0 0 0
cpu1 3416 0 5120 411768 2079 0 2009 0 0 0
cpu2 3572 35 3582 415119 1678 0 1541 0 0 0
cpu3 2999 201 2153 417721 1457 0 1193 0 0 0
1777986836
cpu0 3696 0 11696 402723 1645 0 3840 0 0 0
cpu1 3416 0 5122 411861 2079 0 2010 0 0 0
cpu2 3572 35 3584 415215 1678 0 1541 0 0 0
cpu3 2999 201 2155 417818 1457 0 1194 0 0 0
1777986837
cpu0 3696 0 11701 402775 1645 0 3842 0 0 0
cpu1 3417 0 5125 411919 2079 0 2011 0 0 0
cpu2 3572 35 3587 415296 1678 0 1542 0 0 0
cpu3 3000 201 2158 417901 1457 0 1194 0 0 0
1777986838
cpu0 3698 0 11704 402832 1645 0 3844 0 0 0
cpu1 3417 0 5129 411983 2079 0 2012 0 0 0
cpu2 3573 35 3589 415380 1678 0 1542 0 0 0
cpu3 3001 201 2159 417988 1457 0 1194 0 0 0
1777986839
cpu0 3698 0 11706 402930 1645 0 3845 0 0 0
cpu1 3417 0 5130 412082 2079 0 2012 0 0 0
cpu2 3574 35 3590 415478 1678 0 1543 0 0 0
cpu3 3002 201 2161 418087 1457 0 1194 0 0 0
1777986840
cpu0 3699 0 11710 403005 1645 0 3846 0 0 0
cpu1 3418 0 5133 412159 2079 0 2013 0 0 0
cpu2 3574 35 3591 415568 1678 0 1543 0 0 0
cpu3 3002 201 2163 418179 1457 0 1195 0 0 0
1777986841
cpu0 3700 0 11717 403048 1645 0 3850 0 0 0
cpu1 3419 0 5139 412208 2079 0 2016 0 0 0
cpu2 3575 35 3593 415648 1678 0 1545 0 0 0
cpu3 3003 201 2165 418265 1457 0 1196 0 0 0
1777986842
cpu0 3701 0 11721 403115 1645 0 3854 0 0 0
cpu1 3420 0 5143 412278 2079 0 2018 0 0 0
cpu2 3575 35 3595 415735 1678 0 1546 0 0 0
cpu3 3004 201 2168 418356 1457 0 1197 0 0 0
1777986843
cpu0 3701 0 11722 403213 1645 0 3854 0 0 0
cpu1 3420 0 5145 412376 2079 0 2018 0 0 0
cpu2 3576 35 3597 415833 1678 0 1546 0 0 0
cpu3 3004 201 2169 418454 1457 0 1197 0 0 0
1777986845
cpu0 3703 0 11732 403265 1645 0 3857 0 0 0
cpu1 3422 0 5152 412429 2079 0 2021 0 0 0
cpu2 3576 35 3599 415919 1678 0 1547 0 0 0
cpu3 3005 201 2172 418534 1457 0 1198 0 0 0
1777986846
cpu0 3704 0 11742 403303 1645 0 3861 0 0 0
cpu1 3423 0 5162 412468 2079 0 2027 0 0 0
cpu2 3577 35 3601 416002 1678 0 1549 0 0 0
cpu3 3006 201 2174 418609 1457 0 1199 0 0 0
1777986847
cpu0 3705 0 11746 403386 1645 0 3863 0 0 0
cpu1 3424 0 5166 412551 2079 0 2027 0 0 0
cpu2 3577 35 3603 416097 1678 0 1549 0 0 0
cpu3 3007 201 2177 418701 1457 0 1199 0 0 0
1777986848
cpu0 3707 0 11749 403479 1645 0 3864 0 0 0
cpu1 3425 0 5168 412645 2079 0 2028 0 0 0
cpu2 3578 35 3605 416192 1679 0 1550 0 0 0
cpu3 3008 201 2179 418796 1457 0 1200 0 0 0
1777986849
cpu0 3710 0 11766 403505 1645 0 3875 0 0 0
cpu1 3427 0 5183 412673 2079 0 2039 0 0 0
cpu2 3579 35 3607 416267 1679 0 1553 0 0 0
cpu3 3010 201 2182 418874 1457 0 1202 0 0 0
1777986850
cpu0 3712 0 11781 403534 1645 0 3884 0 0 0
cpu1 3429 0 5198 412707 2079 0 2046 0 0 0
cpu2 3580 35 3610 416344 1679 0 1555 0 0 0
cpu3 3011 201 2184 418954 1457 0 1203 0 0 0
1777986851
cpu0 3712 0 11782 403633 1645 0 3885 0 0 0
cpu1 3429 0 5198 412806 2079 0 2046 0 0 0
cpu2 3580 35 3612 416441 1679 0 1555 0 0 0
cpu3 3012 201 2186 419052 1457 0 1203 0 0 0
1777986852
cpu0 3714 0 11795 403700 1645 0 3890 0 0 0
cpu1 3431 0 5208 412877 2079 0 2050 0 0 0
cpu2 3581 35 3615 416527 1679 0 1557 0 0 0
cpu3 3013 201 2189 419141 1457 0 1204 0 0 0
1777986853
cpu0 3718 0 11826 403716 1645 0 3906 0 0 0
cpu1 3433 0 5230 412901 2079 0 2061 0 0 0
cpu2 3582 35 3618 416594 1679 0 1562 0 0 0
cpu3 3014 201 2191 419217 1457 0 1209 0 0 0
1777986854
cpu0 3721 0 11846 403762 1645 0 3916 0 0 0
cpu1 3435 0 5244 412953 2079 0 2067 0 0 0
cpu2 3583 35 3621 416671 1679 0 1564 0 0 0
cpu3 3015 201 2194 419299 1457 0 1212 0 0 0
1777986855
cpu0 3721 0 11847 403861 1645 0 3916 0 0 0
cpu1 3435 0 5245 413052 2079 0 2067 0 0 0
cpu2 3583 35 3623 416769 1679 0 1564 0 0 0
cpu3 3015 201 2196 419397 1457 0 1212 0 0 0
1777986856
cpu0 3725 0 11878 403897 1645 0 3929 0 0 0
cpu1 3438 0 5267 413093 2079 0 2083 0 0 0
cpu2 3584 35 3625 416848 1679 0 1569 0 0 0
cpu3 3016 201 2200 419482 1457 0 1215 0 0 0
1777986857
cpu0 3731 0 11926 403903 1645 0 3954 0 0 0
cpu1 3444 0 5304 413104 2079 0 2105 0 0 0
cpu2 3585 35 3628 416918 1679 0 1579 0 0 0
cpu3 3017 201 2204 419561 1457 0 1219 0 0 0
1777986858
cpu0 3733 0 11938 403975 1645 0 3961 0 0 0
cpu1 3446 0 5313 413177 2079 0 2111 0 0 0
cpu2 3586 35 3631 417006 1679 0 1582 0 0 0
cpu3 3017 201 2206 419653 1457 0 1221 0 0 0
1777986859
cpu0 3734 0 11939 404073 1645 0 3961 0 0 0
cpu1 3446 0 5315 413276 2079 0 2112 0 0 0
cpu2 3586 35 3633 417104 1679 0 1583 0 0 0
cpu3 3018 201 2208 419751 1457 0 1221 0 0 0
1777986860
cpu0 3741 0 12002 404073 1645 0 3992 0 0 0
cpu1 3453 0 5361 413281 2079 0 2135 0 0 0
cpu2 3588 35 3637 417169 1679 0 1594 0 0 0
cpu3 3019 201 2212 419819 1457 0 1233 0 0 0
1777986861
cpu0 3748 0 12060 404076 1645 0 4022 0 0 0
cpu1 3460 0 5404 413290 2079 0 2156 0 0 0
cpu2 3589 35 3641 417237 1679 0 1602 0 0 0
cpu3 3019 201 2215 419890 1457 0 1241 0 0 0
1777986862
cpu0 3748 0 12061 404175 1645 0 4022 0 0 0
cpu1 3460 0 5406 413389 2079 0 2156 0 0 0
cpu2 3589 35 3643 417334 1679 0 1602 0 0 0
cpu3 3020 201 2217 419988 1457 0 1241 0 0 0
1777986863
cpu0 3751 0 12080 404241 1645 0 4033 0 0 0
cpu1 3463 0 5427 413455 2079 0 2165 0 0 0
cpu2 3591 35 3646 417421 1679 0 1605 0 0 0
cpu3 3020 201 2220 420078 1457 0 1243 0 0 0
1777986864
cpu0 3759 0 12137 404241 1645 0 4069 0 0 0
cpu1 3471 0 5486 413457 2079 0 2193 0 0 0
cpu2 3592 35 3649 417487 1679 0 1619 0 0 0
cpu3 3021 201 2223 420153 1457 0 1252 0 0 0
1777986865
cpu0 3765 0 12178 404274 1645 0 4090 0 0 0
cpu1 3476 0 5522 413491 2079 0 2212 0 0 0
cpu2 3593 35 3652 417563 1679 0 1628 0 0 0
cpu3 3022 201 2226 420236 1457 0 1258 0 0 0
1777986866
cpu0 3765 0 12179 404373 1645 0 4091 0 0 0
cpu1 3476 0 5523 413591 2079 0 2212 0 0 0
cpu2 3593 35 3654 417661 1679 0 1628 0 0 0
cpu3 3023 201 2228 420334 1457 0 1258 0 0 0
1777986867
cpu0 3769 0 12215 404408 1645 0 4115 0 0 0
cpu1 3481 0 5563 413627 2079 0 2231 0 0 0
cpu2 3593 35 3657 417742 1679 0 1637 0 0 0
cpu3 3024 201 2230 420410 1457 0 1270 0 0 0
1777986868
cpu0 3777 0 12276 404408 1645 0 4148 0 0 0
cpu1 3489 0 5628 413627 2079 0 2259 0 0 0
cpu2 3596 35 3662 417812 1679 0 1647 0 0 0
cpu3 3026 201 2234 420473 1457 0 1284 0 0 0
1777986869
cpu0 3780 0 12298 404472 1645 0 4158 0 0 0
cpu1 3491 0 5650 413691 2079 0 2271 0 0 0
cpu2 3597 35 3665 417901 1679 0 1652 0 0 0
cpu3 3027 201 2236 420558 1457 0 1290 0 0 0
