1777986285
cpu0 2718 0 5159 362393 1642 0 1352 0 0 0
cpu1 2850 0 1568 366692 2074 0 413 0 0 0
cpu2 3140 35 1371 367256 1674 0 344 0 0 0
cpu3 2707 201 1399 367661 1453 0 329 0 0 0
1777986286
cpu0 2718 0 5159 362492 1642 0 1352 0 0 0
cpu1 2850 0 1568 366791 2074 0 413 0 0 0
cpu2 3141 35 1371 367355 1674 0 344 0 0 0
cpu3 2707 201 1400 367761 1453 0 329 0 0 0
1777986287
cpu0 2719 0 5160 362586 1642 0 1352 0 0 0
cpu1 2851 0 1570 366885 2074 0 413 0 0 0
cpu2 3141 35 1372 367453 1674 0 344 0 0 0
cpu3 2707 201 1400 367859 1453 0 329 0 0 0
1777986288
cpu0 2719 0 5160 362676 1642 0 1353 0 0 0
cpu1 2851 0 1571 366981 2074 0 413 0 0 0
cpu2 3141 35 1373 367550 1674 0 344 0 0 0
cpu3 2707 201 1400 367957 1453 0 329 0 0 0
1777986289
cpu0 2719 0 5161 362771 1642 0 1353 0 0 0
cpu1 2852 0 1572 367078 2074 0 413 0 0 0
cpu2 3141 35 1373 367649 1674 0 344 0 0 0
cpu3 2708 201 1400 368056 1453 0 329 0 0 0
1777986290
cpu0 2719 0 5161 362870 1642 0 1353 0 0 0
cpu1 2852 0 1573 367177 2074 0 413 0 0 0
cpu2 3141 35 1374 367749 1674 0 344 0 0 0
cpu3 2708 201 1401 368156 1453 0 329 0 0 0
1777986291
cpu0 2720 0 5162 362949 1642 0 1354 0 0 0
cpu1 2852 0 1574 367270 2074 0 413 0 0 0
cpu2 3142 35 1374 367842 1674 0 344 0 0 0
cpu3 2708 201 1401 368251 1453 0 329 0 0 0
1777986292
cpu0 2720 0 5162 363027 1642 0 1354 0 0 0
cpu1 2853 0 1575 367363 2074 0 413 0 0 0
cpu2 3142 35 1374 367936 1674 0 344 0 0 0
cpu3 2708 201 1401 368346 1453 0 329 0 0 0
1777986293
cpu0 2720 0 5163 363124 1642 0 1354 0 0 0
cpu1 2853 0 1576 367462 2074 0 413 0 0 0
cpu2 3142 35 1375 368034 1674 0 344 0 0 0
cpu3 2708 201 1402 368445 1453 0 329 0 0 0
1777986294
cpu0 2720 0 5164 363220 1642 0 1355 0 0 0
cpu1 2853 0 1577 367552 2074 0 414 0 0 0
cpu2 3142 35 1375 368132 1674 0 344 0 0 0
cpu3 2709 201 1402 368542 1453 0 329 0 0 0
1777986295
cpu0 2720 0 5165 363298 1642 0 1355 0 0 0
cpu1 2853 0 1578 367629 2074 0 414 0 0 0
cpu2 3142 35 1376 368225 1674 0 344 0 0 0
cpu3 2710 201 1402 368633 1453 0 329 0 0 0
1777986296
cpu0 2721 0 5166 363383 1642 0 1356 0 0 0
cpu1 2854 0 1579 367708 2074 0 414 0 0 0
cpu2 3143 35 1376 368319 1674 0 344 0 0 0
cpu3 2710 201 1403 368726 1453 0 329 0 0 0
1777986297
cpu0 2721 0 5167 363482 1642 0 1356 0 0 0
cpu1 2854 0 1580 367806 2074 0 414 0 0 0
cpu2 3143 35 1377 368418 1674 0 344 0 0 0
cpu3 2710 201 1403 368825 1453 0 329 0 0 0
1777986298
cpu0 2721 0 5170 363554 1642 0 1357 0 0 0
cpu1 2854 0 1581 367899 2074 0 414 0 0 0
cpu2 3143 35 1378 368512 1674 0 345 0 0 0
cpu3 2710 201 1404 368920 1453 0 329 0 0 0
1777986299
cpu0 2722 0 5172 363622 1642 0 1358 0 0 0
cpu1 2855 0 1584 367967 2074 0 415 0 0 0
cpu2 3143 35 1378 368601 1674 0 345 0 0 0
cpu3 2711 201 1404 369012 1453 0 329 0 0 0
1777986300
cpu0 2723 0 5175 363697 1642 0 1359 0 0 0
cpu1 2856 0 1585 368062 2074 0 415 0 0 0
cpu2 3144 35 1379 368696 1674 0 346 0 0 0
cpu3 2711 201 1405 369108 1453 0 329 0 0 0
1777986301
cpu0 2723 0 5176 363796 1642 0 1359 0 0 0
cpu1 2856 0 1586 368161 2074 0 415 0 0 0
cpu2 3144 35 1379 368795 1674 0 346 0 0 0
cpu3 2711 201 1405 369208 1453 0 329 0 0 0
1777986302
cpu0 2723 0 5179 363878 1642 0 1360 0 0 0
cpu1 2857 0 1594 368212 2074 0 417 0 0 0
cpu2 3144 35 1380 368882 1674 0 346 0 0 0
cpu3 2712 201 1406 369297 1453 0 329 0 0 0
1777986303
cpu0 2725 0 5181 363956 1642 0 1361 0 0 0
cpu1 2859 0 1601 368259 2074 0 418 0 0 0
cpu2 3144 35 1381 368966 1674 0 347 0 0 0
cpu3 2712 201 1406 369385 1453 0 330 0 0 0
1777986304
cpu0 2725 0 5182 364052 1642 0 1362 0 0 0
cpu1 2859 0 1603 368352 2074 0 418 0 0 0
cpu2 3145 35 1382 369064 1674 0 347 0 0 0
cpu3 2713 201 1407 369483 1453 0 330 0 0 0
1777986305
cpu0 2726 0 5185 364143 1642 0 1363 0 0 0
cpu1 2859 0 1606 368442 2074 0 419 0 0 0
cpu2 3145 35 1382 369160 1674 0 347 0 0 0
cpu3 2713 201 1407 369580 1453 0 330 0 0 0
1777986306
cpu0 2728 0 5200 364193 1642 0 1367 0 0 0
cpu1 2861 0 1615 368499 2074 0 421 0 0 0
cpu2 3146 35 1382 369238 1674 0 349 0 0 0
cpu3 2714 201 1408 369665 1453 0 331 0 0 0
1777986307
cpu0 2731 0 5215 364248 1642 0 1372 0 0 0
cpu1 2863 0 1625 368564 2074 0 423 0 0 0
cpu2 3147 35 1384 369320 1674 0 352 0 0 0
cpu3 2714 201 1409 369751 1453 0 333 0 0 0
1777986308
cpu0 2731 0 5216 364348 1642 0 1372 0 0 0
cpu1 2863 0 1625 368664 2074 0 423 0 0 0
cpu2 3147 35 1384 369420 1674 0 352 0 0 0
cpu3 2715 201 1409 369850 1453 0 333 0 0 0
1777986309
cpu0 2733 0 5229 364419 1642 0 1374 0 0 0
cpu1 2866 0 1636 368740 2074 0 425 0 0 0
cpu2 3147 35 1385 369509 1674 0 353 0 0 0
cpu3 2715 201 1409 369939 1453 0 335 0 0 0
1777986310
cpu0 2734 0 5243 364484 1642 0 1378 0 0 0
cpu1 2871 0 1670 368769 2074 0 430 0 0 0
cpu2 3147 35 1386 369588 1674 0 356 0 0 0
cpu3 2716 201 1410 370016 1453 0 337 0 0 0
1777986311
cpu0 2735 0 5254 364560 1642 0 1382 0 0 0
cpu1 2873 0 1682 368840 2074 0 433 0 0 0
cpu2 3148 35 1386 369677 1674 0 357 0 0 0
cpu3 2716 201 1411 370105 1453 0 339 0 0 0
1777986312
cpu0 2735 0 5255 364659 1642 0 1382 0 0 0
cpu1 2873 0 1682 368940 2074 0 433 0 0 0
cpu2 3148 35 1387 369776 1674 0 357 0 0 0
cpu3 2716 201 1411 370204 1453 0 339 0 0 0
1777986313
cpu0 2741 0 5308 364680 1642 0 1402 0 0 0
cpu1 2874 0 1683 369025 2075 0 440 0 0 0
cpu2 3149 35 1388 369861 1674 0 361 0 0 0
cpu3 2716 201 1412 370289 1453 0 342 0 0 0
1777986314
cpu0 2749 0 5377 364680 1642 0 1426 0 0 0
cpu1 2874 0 1684 369107 2075 0 449 0 0 0
cpu2 3149 35 1388 369942 1674 0 367 0 0 0
cpu3 2716 201 1413 370371 1453 0 350 0 0 0
1777986315
cpu0 2750 0 5390 364760 1642 0 1432 0 0 0
cpu1 2874 0 1685 369203 2075 0 452 0 0 0
cpu2 3149 35 1389 370038 1674 0 370 0 0 0
cpu3 2717 201 1414 370467 1453 0 353 0 0 0
1777986316
cpu0 2751 0 5398 364849 1642 0 1434 0 0 0
cpu1 2874 0 1686 369300 2075 0 452 0 0 0
cpu2 3149 35 1390 370135 1674 0 370 0 0 0
cpu3 2717 201 1415 370564 1453 0 354 0 0 0
1777986317
cpu0 2759 0 5469 364849 1642 0 1456 0 0 0
cpu1 2875 0 1687 369380 2075 0 460 0 0 0
cpu2 3149 35 1391 370213 1674 0 379 0 0 0
cpu3 2717 201 1417 370639 1453 0 365 0 0 0
1777986318
cpu0 2766 0 5533 364860 1642 0 1474 0 0 0
cpu1 2875 0 1688 369462 2075 0 465 0 0 0
cpu2 3149 35 1392 370296 1674 0 386 0 0 0
cpu3 2718 201 1418 370720 1453 0 370 0 0 0
1777986319
cpu0 2766 0 5533 364960 1642 0 1474 0 0 0
cpu1 2875 0 1689 369561 2075 0 465 0 0 0
cpu2 3150 35 1392 370396 1674 0 386 0 0 0
cpu3 2718 201 1418 370819 1453 0 370 0 0 0
1777986320
cpu0 2767 0 5534 365047 1642 0 1478 0 0 0
cpu1 2879 0 1722 369618 2075 0 471 0 0 0
cpu2 3150 35 1393 370485 1674 0 388 0 0 0
cpu3 2719 201 1419 370911 1453 0 373 0 0 0
1777986321
cpu0 2767 0 5535 365119 1642 0 1489 0 0 0
cpu1 2888 0 1798 369618 2075 0 486 0 0 0
cpu2 3151 35 1395 370560 1674 0 397 0 0 0
cpu3 2719 201 1419 370993 1453 0 378 0 0 0
1777986322
cpu0 2768 0 5536 365201 1642 0 1497 0 0 0
cpu1 2893 0 1841 369661 2075 0 497 0 0 0
cpu2 3151 35 1396 370645 1674 0 402 0 0 0
cpu3 2720 201 1420 371084 1453 0 380 0 0 0
1777986323
cpu0 2768 0 5537 365300 1642 0 1498 0 0 0
cpu1 2894 0 1841 369760 2075 0 497 0 0 0
cpu2 3151 35 1397 370743 1674 0 402 0 0 0
cpu3 2720 201 1420 371182 1454 0 380 0 0 0
1777986324
cpu0 2769 0 5538 365381 1642 0 1502 0 0 0
cpu1 2900 0 1894 369786 2075 0 511 0 0 0
cpu2 3151 35 1398 370824 1674 0 405 0 0 0
cpu3 2721 201 1421 371268 1454 0 384 0 0 0
1777986325
cpu0 2769 0 5539 365457 1642 0 1508 0 0 0
cpu1 2908 0 1969 369786 2075 0 529 0 0 0
cpu2 3152 35 1398 370901 1674 0 412 0 0 0
cpu3 2721 201 1422 371349 1454 0 390 0 0 0
1777986326
cpu0 2770 0 5540 365550 1642 0 1510 0 0 0
cpu1 2910 0 1989 369861 2075 0 533 0 0 0
cpu2 3152 35 1399 370994 1674 0 415 0 0 0
cpu3 2721 201 1422 371444 1454 0 392 0 0 0
1777986327
cpu0 2770 0 5540 365648 1642 0 1510 0 0 0
cpu1 2911 0 1994 369954 2075 0 533 0 0 0
cpu2 3153 35 1401 371091 1674 0 415 0 0 0
cpu3 2721 201 1422 371542 1454 0 393 0 0 0
1777986328
cpu0 2771 0 5540 365725 1642 0 1515 0 0 0
cpu1 2917 0 2069 369954 2075 0 553 0 0 0
cpu2 3153 35 1404 371172 1674 0 421 0 0 0
cpu3 2721 201 1423 371623 1454 0 402 0 0 0
1777986329
cpu0 2771 0 5541 365805 1642 0 1521 0 0 0
cpu1 2924 0 2138 369960 2075 0 572 0 0 0
cpu2 3153 35 1405 371254 1674 0 426 0 0 0
cpu3 2722 201 1423 371705 1454 0 410 0 0 0
1777986330
cpu0 2771 0 5541 365905 1642 0 1522 0 0 0
cpu1 2924 0 2139 370059 2075 0 572 0 0 0
cpu2 3153 35 1406 371353 1674 0 426 0 0 0
cpu3 2722 201 1423 371804 1454 0 410 0 0 0
1777986331
cpu0 2772 0 5542 365995 1642 0 1524 0 0 0
cpu1 2927 0 2166 370123 2075 0 578 0 0 0
cpu2 3154 35 1407 371443 1674 0 428 0 0 0
cpu3 2722 201 1424 371896 1454 0 413 0 0 0
1777986332
cpu0 2772 0 5544 366072 1642 0 1531 0 0 0
cpu1 2935 0 2240 370123 2075 0 597 0 0 0
cpu2 3155 35 1409 371521 1674 0 432 0 0 0
cpu3 2723 201 1424 371975 1454 0 421 0 0 0
1777986333
cpu0 2773 0 5545 366158 1642 0 1534 0 0 0
cpu1 2941 0 2286 370160 2075 0 608 0 0 0
cpu2 3155 35 1409 371607 1674 0 438 0 0 0
cpu3 2723 201 1425 372062 1454 0 427 0 0 0
