1777987199
cpu0 4446 0 16847 427435 1646 0 5853 0 0 0
cpu1 3894 0 7760 440655 2081 0 3267 0 0 0
cpu2 3955 35 5430 445322 1682 0 2519 0 0 0
cpu3 3284 201 3069 449966 1459 0 1873 0 0 0
1777987200
cpu0 4447 0 16849 427533 1646 0 5853 0 0 0
cpu1 3895 0 7762 440752 2081 0 3267 0 0 0
cpu2 3956 35 5433 445419 1682 0 2519 0 0 0
cpu3 3284 201 3071 450064 1459 0 1873 0 0 0
1777987201
cpu0 4447 0 16851 427625 1646 0 5853 0 0 0
cpu1 3896 0 7765 440843 2081 0 3267 0 0 0
cpu2 3956 35 5435 445515 1682 0 2519 0 0 0
cpu3 3284 201 3072 450161 1459 0 1873 0 0 0
1777987202
cpu0 4448 0 16853 427714 1646 0 5853 0 0 0
cpu1 3896 0 7768 440931 2081 0 3268 0 0 0
cpu2 3957 35 5437 445610 1682 0 2520 0 0 0
cpu3 3285 201 3074 450256 1459 0 1873 0 0 0
1777987203
cpu0 4449 0 16854 427808 1646 0 5853 0 0 0
cpu1 3897 0 7770 441024 2081 0 3268 0 0 0
cpu2 3958 35 5439 445706 1682 0 2520 0 0 0
cpu3 3285 201 3075 450353 1459 0 1873 0 0 0
1777987204
cpu0 4450 0 16856 427906 1646 0 5853 0 0 0
cpu1 3898 0 7772 441122 2081 0 3268 0 0 0
cpu2 3959 35 5441 445803 1682 0 2520 0 0 0
cpu3 3285 201 3078 450451 1459 0 1873 0 0 0
1777987205
cpu0 4450 0 16860 427987 1646 0 5854 0 0 0
cpu1 3898 0 7774 441204 2081 0 3268 0 0 0
cpu2 3959 35 5443 445894 1682 0 2520 0 0 0
cpu3 3286 201 3080 450544 1459 0 1873 0 0 0
1777987206
cpu0 4451 0 16861 428067 1646 0 5855 0 0 0
cpu1 3898 0 7776 441284 2081 0 3269 0 0 0
cpu2 3960 35 5445 445985 1682 0 2520 0 0 0
cpu3 3286 201 3081 450637 1459 0 1873 0 0 0
1777987207
cpu0 4452 0 16864 428163 1646 0 5855 0 0 0
cpu1 3899 0 7777 441380 2081 0 3269 0 0 0
cpu2 3960 35 5447 446082 1682 0 2520 0 0 0
cpu3 3287 201 3084 450734 1459 0 1873 0 0 0
1777987208
cpu0 4453 0 16867 428254 1646 0 5855 0 0 0
cpu1 3899 0 7781 441472 2081 0 3269 0 0 0
cpu2 3961 35 5449 446178 1682 0 2520 0 0 0
cpu3 3287 201 3086 450829 1459 0 1873 0 0 0
1777987209
cpu0 4453 0 16870 428324 1646 0 5856 0 0 0
cpu1 3899 0 7783 441543 2081 0 3270 0 0 0
cpu2 3961 35 5451 446266 1682 0 2521 0 0 0
cpu3 3288 201 3088 450918 1459 0 1873 0 0 0
1777987210
cpu0 4454 0 16872 428400 1646 0 5857 0 0 0
cpu1 3900 0 7784 441620 2081 0 3271 0 0 0
cpu2 3962 35 5454 446356 1682 0 2521 0 0 0
cpu3 3289 201 3090 451008 1459 0 1873 0 0 0
1777987211
cpu0 4454 0 16874 428498 1646 0 5857 0 0 0
cpu1 3901 0 7786 441718 2081 0 3271 0 0 0
cpu2 3963 35 5456 446453 1682 0 2521 0 0 0
cpu3 3289 201 3093 451105 1459 0 1873 0 0 0
1777987212
cpu0 4455 0 16877 428576 1646 0 5857 0 0 0
cpu1 3901 0 7789 441797 2081 0 3272 0 0 0
cpu2 3964 35 5459 446544 1682 0 2521 0 0 0
cpu3 3290 201 3096 451195 1459 0 1873 0 0 0
1777987213
cpu0 4456 0 16881 428638 1646 0 5859 0 0 0
cpu1 3903 0 7792 441858 2081 0 3272 0 0 0
cpu2 3965 35 5461 446630 1682 0 2521 0 0 0
cpu3 3291 201 3099 451277 1459 0 1874 0 0 0
1777987214
cpu0 4456 0 16883 428717 1646 0 5860 0 0 0
cpu1 3903 0 7795 441939 2081 0 3273 0 0 0
cpu2 3965 35 5464 446722 1682 0 2521 0 0 0
cpu3 3291 201 3101 451369 1459 0 1874 0 0 0
1777987215
cpu0 4457 0 16885 428815 1646 0 5860 0 0 0
cpu1 3904 0 7797 442036 2081 0 3273 0 0 0
cpu2 3966 35 5466 446819 1682 0 2521 0 0 0
cpu3 3291 201 3102 451467 1459 0 1874 0 0 0
1777987217
cpu0 4458 0 16890 428873 1646 0 5862 0 0 0
cpu1 3905 0 7802 442096 2081 0 3275 0 0 0
cpu2 3967 35 5469 446906 1682 0 2521 0 0 0
cpu3 3293 201 3106 451551 1459 0 1874 0 0 0
1777987218
cpu0 4460 0 16895 428924 1646 0 5865 0 0 0
cpu1 3906 0 7808 442148 2081 0 3276 0 0 0
cpu2 3968 35 5473 446991 1682 0 2522 0 0 0
cpu3 3294 201 3109 451634 1459 0 1875 0 0 0
1777987219
cpu0 4462 0 16898 429013 1646 0 5865 0 0 0
cpu1 3907 0 7810 442237 2081 0 3276 0 0 0
cpu2 3968 35 5476 447086 1682 0 2522 0 0 0
cpu3 3296 201 3112 451728 1459 0 1875 0 0 0
1777987220
cpu0 4462 0 16901 429103 1646 0 5866 0 0 0
cpu1 3907 0 7814 442328 2081 0 3277 0 0 0
cpu2 3969 35 5479 447180 1682 0 2522 0 0 0
cpu3 3297 201 3114 451822 1459 0 1875 0 0 0
1777987221
cpu0 4464 0 16910 429142 1646 0 5872 0 0 0
cpu1 3909 0 7824 442368 2081 0 3281 0 0 0
cpu2 3970 35 5483 447264 1682 0 2523 0 0 0
cpu3 3297 201 3118 451902 1459 0 1877 0 0 0
1777987222
cpu0 4466 0 16917 429191 1646 0 5876 0 0 0
cpu1 3911 0 7831 442418 2081 0 3283 0 0 0
cpu2 3971 35 5486 447352 1682 0 2523 0 0 0
cpu3 3298 201 3120 451987 1459 0 1878 0 0 0
1777987223
cpu0 4466 0 16918 429289 1646 0 5876 0 0 0
cpu1 3912 0 7833 442515 2081 0 3283 0 0 0
cpu2 3972 35 5488 447448 1682 0 2523 0 0 0
cpu3 3298 201 3122 452085 1459 0 1878 0 0 0
1777987224
cpu0 4467 0 16927 429357 1646 0 5879 0 0 0
cpu1 3914 0 7842 442582 2081 0 3286 0 0 0
cpu2 3973 35 5493 447533 1682 0 2526 0 0 0
cpu3 3299 201 3126 452170 1459 0 1880 0 0 0
1777987225
cpu0 4470 0 16943 429389 1646 0 5886 0 0 0
cpu1 3917 0 7856 442615 2081 0 3291 0 0 0
cpu2 3974 35 5497 447607 1682 0 2529 0 0 0
cpu3 3300 201 3130 452244 1459 0 1882 0 0 0
1777987226
cpu0 4472 0 16950 429451 1646 0 5890 0 0 0
cpu1 3918 0 7863 442679 2081 0 3293 0 0 0
cpu2 3974 35 5499 447692 1682 0 2530 0 0 0
cpu3 3301 201 3133 452330 1459 0 1883 0 0 0
1777987227
cpu0 4472 0 16953 429548 1646 0 5890 0 0 0
cpu1 3918 0 7864 442777 2081 0 3293 0 0 0
cpu2 3974 35 5501 447790 1682 0 2530 0 0 0
cpu3 3301 201 3135 452427 1459 0 1883 0 0 0
1777987228
cpu0 4475 0 16973 429588 1646 0 5898 0 0 0
cpu1 3922 0 7883 442817 2081 0 3301 0 0 0
cpu2 3976 35 5506 447865 1682 0 2533 0 0 0
cpu3 3303 201 3139 452502 1459 0 1886 0 0 0
1777987229
cpu0 4478 0 16995 429614 1646 0 5908 0 0 0
cpu1 3926 0 7907 442842 2081 0 3310 0 0 0
cpu2 3977 35 5510 447937 1682 0 2538 0 0 0
cpu3 3305 201 3144 452572 1459 0 1891 0 0 0
1777987230
cpu0 4479 0 17001 429697 1646 0 5911 0 0 0
cpu1 3928 0 7912 442925 2081 0 3312 0 0 0
cpu2 3977 35 5513 448029 1682 0 2539 0 0 0
cpu3 3306 201 3147 452663 1459 0 1891 0 0 0
1777987231
cpu0 4481 0 17005 429787 1646 0 5913 0 0 0
cpu1 3928 0 7919 443015 2082 0 3313 0 0 0
cpu2 3978 35 5517 448123 1682 0 2540 0 0 0
cpu3 3307 201 3150 452757 1459 0 1893 0 0 0
1777987232
cpu0 4484 0 17039 429802 1646 0 5931 0 0 0
cpu1 3933 0 7954 443032 2082 0 3322 0 0 0
cpu2 3979 35 5523 448190 1682 0 2546 0 0 0
cpu3 3309 201 3155 452823 1459 0 1898 0 0 0
1777987233
cpu0 4489 0 17068 429826 1646 0 5945 0 0 0
cpu1 3938 0 7982 443060 2082 0 3331 0 0 0
cpu2 3980 35 5525 448264 1682 0 2549 0 0 0
cpu3 3310 201 3157 452894 1459 0 1902 0 0 0
1777987234
cpu0 4489 0 17070 429924 1646 0 5946 0 0 0
cpu1 3939 0 7984 443157 2082 0 3331 0 0 0
cpu2 3981 35 5528 448361 1682 0 2549 0 0 0
cpu3 3311 201 3159 452991 1459 0 1902 0 0 0
1777987235
cpu0 4492 0 17095 429984 1646 0 5952 0 0 0
cpu1 3943 0 8005 443216 2082 0 3343 0 0 0
cpu2 3983 35 5532 448446 1682 0 2552 0 0 0
cpu3 3312 201 3162 453073 1459 0 1906 0 0 0
1777987236
cpu0 4498 0 17142 429993 1646 0 5968 0 0 0
cpu1 3949 0 8049 443224 2082 0 3370 0 0 0
cpu2 3984 35 5538 448517 1682 0 2558 0 0 0
cpu3 3313 201 3167 453134 1459 0 1914 0 0 0
1777987237
cpu0 4503 0 17171 430040 1646 0 5977 0 0 0
cpu1 3953 0 8076 443270 2082 0 3385 0 0 0
cpu2 3984 35 5541 448600 1682 0 2563 0 0 0
cpu3 3314 201 3170 453211 1459 0 1919 0 0 0
1777987238
cpu0 4503 0 17172 430138 1646 0 5977 0 0 0
cpu1 3953 0 8077 443368 2082 0 3385 0 0 0
cpu2 3985 35 5543 448697 1682 0 2563 0 0 0
cpu3 3314 201 3172 453308 1459 0 1919 0 0 0
1777987239
cpu0 4508 0 17211 430164 1646 0 6007 0 0 0
cpu1 3960 0 8124 443396 2082 0 3402 0 0 0
cpu2 3986 35 5547 448770 1682 0 2571 0 0 0
cpu3 3316 201 3177 453386 1459 0 1925 0 0 0
1777987240
cpu0 4516 0 17262 430164 1646 0 6048 0 0 0
cpu1 3968 0 8191 443398 2082 0 3424 0 0 0
cpu2 3988 35 5552 448835 1682 0 2579 0 0 0
cpu3 3317 201 3182 453457 1459 0 1933 0 0 0
1777987241
cpu0 4519 0 17277 430237 1646 0 6059 0 0 0
cpu1 3970 0 8209 443471 2082 0 3431 0 0 0
cpu2 3989 35 5554 448923 1682 0 2582 0 0 0
cpu3 3318 201 3184 453548 1459 0 1936 0 0 0
1777987242
cpu0 4519 0 17281 430331 1646 0 6061 0 0 0
cpu1 3971 0 8215 443564 2082 0 3432 0 0 0
cpu2 3990 35 5558 449018 1682 0 2583 0 0 0
cpu3 3318 201 3187 453644 1459 0 1938 0 0 0
1777987243
cpu0 4527 0 17336 430331 1646 0 6100 0 0 0
cpu1 3979 0 8280 443564 2082 0 3460 0 0 0
cpu2 3991 35 5564 449089 1682 0 2593 0 0 0
cpu3 3319 201 3191 453710 1459 0 1949 0 0 0
1777987244
cpu0 4532 0 17392 430338 1646 0 6133 0 0 0
cpu1 3988 0 8337 443571 2082 0 3488 0 0 0
cpu2 3992 35 5567 449164 1682 0 2600 0 0 0
cpu3 3320 201 3194 453779 1459 0 1960 0 0 0
1777987245
cpu0 4533 0 17394 430436 1646 0 6133 0 0 0
cpu1 3989 0 8339 443669 2082 0 3488 0 0 0
cpu2 3993 35 5569 449262 1682 0 2600 0 0 0
cpu3 3320 201 3197 453876 1459 0 1960 0 0 0
1777987246
cpu0 4536 0 17419 430496 1646 0 6146 0 0 0
cpu1 3992 0 8368 443730 2082 0 3496 0 0 0
cpu2 3994 35 5572 449340 1682 0 2606 0 0 0
cpu3 3322 201 3202 453958 1459 0 1964 0 0 0
1777987247
cpu0 4542 0 17477 430496 1646 0 6182 0 0 0
cpu1 4000 0 8439 443730 2082 0 3518 0 0 0
cpu2 3995 35 5578 449392 1682 0 2627 0 0 0
cpu3 3324 201 3207 454022 1459 0 1980 0 0 0
1777987248
cpu0 4547 0 17513 430538 1646 0 6201 0 0 0
cpu1 4004 0 8483 443772 2082 0 3529 0 0 0
cpu2 3997 35 5581 449463 1682 0 2635 0 0 0
cpu3 3325 201 3211 454101 1459 0 1989 0 0 0
