1777986609
cpu0 3199 0 8169 387624 1644 0 2618 0 0 0
cpu1 3178 0 3791 393560 2079 0 1330 0 0 0
cpu2 3423 35 3229 394924 1675 0 1135 0 0 0
cpu3 2864 201 1738 397334 1456 0 877 0 0 0
1777986610
cpu0 3200 0 8171 387721 1644 0 2618 0 0 0
cpu1 3179 0 3791 393659 2079 0 1331 0 0 0
cpu2 3423 35 3230 395023 1675 0 1135 0 0 0
cpu3 2865 201 1739 397432 1456 0 877 0 0 0
1777986611
cpu0 3200 0 8172 387810 1644 0 2618 0 0 0
cpu1 3179 0 3792 393756 2079 0 1331 0 0 0
cpu2 3424 35 3231 395119 1675 0 1135 0 0 0
cpu3 2865 201 1740 397529 1456 0 877 0 0 0
1777986612
cpu0 3200 0 8173 387896 1644 0 2619 0 0 0
cpu1 3180 0 3794 393853 2079 0 1331 0 0 0
cpu2 3424 35 3231 395215 1675 0 1135 0 0 0
cpu3 2865 201 1742 397626 1456 0 877 0 0 0
1777986613
cpu0 3201 0 8174 387994 1644 0 2620 0 0 0
cpu1 3180 0 3795 393952 2079 0 1331 0 0 0
cpu2 3425 35 3232 395313 1675 0 1136 0 0 0
cpu3 2866 201 1743 397724 1456 0 877 0 0 0
1777986614
cpu0 3201 0 8175 388088 1644 0 2620 0 0 0
cpu1 3180 0 3796 394049 2079 0 1331 0 0 0
cpu2 3425 35 3233 395411 1675 0 1136 0 0 0
cpu3 2866 201 1744 397822 1456 0 877 0 0 0
1777986615
cpu0 3201 0 8176 388163 1644 0 2620 0 0 0
cpu1 3181 0 3798 394142 2079 0 1331 0 0 0
cpu2 3425 35 3234 395506 1675 0 1136 0 0 0
cpu3 2867 201 1745 397917 1456 0 877 0 0 0
1777986616
cpu0 3201 0 8178 388240 1644 0 2621 0 0 0
cpu1 3181 0 3800 394236 2079 0 1332 0 0 0
cpu2 3426 35 3235 395601 1675 0 1136 0 0 0
cpu3 2867 201 1746 398011 1456 0 878 0 0 0
1777986617
cpu0 3202 0 8179 388338 1644 0 2621 0 0 0
cpu1 3182 0 3801 394334 2079 0 1332 0 0 0
cpu2 3426 35 3236 395700 1675 0 1136 0 0 0
cpu3 2868 201 1748 398110 1456 0 878 0 0 0
1777986618
cpu0 3202 0 8180 388418 1644 0 2622 0 0 0
cpu1 3183 0 3802 394429 2079 0 1332 0 0 0
cpu2 3427 35 3237 395794 1675 0 1136 0 0 0
cpu3 2868 201 1750 398204 1456 0 878 0 0 0
1777986619
cpu0 3203 0 8182 388478 1644 0 2623 0 0 0
cpu1 3183 0 3804 394520 2079 0 1332 0 0 0
cpu2 3428 35 3238 395885 1675 0 1136 0 0 0
cpu3 2869 201 1751 398295 1456 0 878 0 0 0
1777986620
cpu0 3203 0 8183 388555 1644 0 2623 0 0 0
cpu1 3184 0 3805 394615 2079 0 1332 0 0 0
cpu2 3428 35 3239 395980 1675 0 1137 0 0 0
cpu3 2870 201 1752 398389 1456 0 878 0 0 0
1777986621
cpu0 3204 0 8184 388654 1644 0 2623 0 0 0
cpu1 3184 0 3806 394714 2079 0 1332 0 0 0
cpu2 3428 35 3240 396079 1675 0 1137 0 0 0
cpu3 2870 201 1754 398486 1456 0 878 0 0 0
1777986622
cpu0 3205 0 8188 388713 1644 0 2625 0 0 0
cpu1 3185 0 3809 394802 2079 0 1333 0 0 0
cpu2 3429 35 3241 396171 1675 0 1137 0 0 0
cpu3 2871 201 1756 398577 1456 0 878 0 0 0
1777986623
cpu0 3205 0 8192 388759 1644 0 2626 0 0 0
cpu1 3185 0 3810 394889 2079 0 1333 0 0 0
cpu2 3430 35 3243 396262 1675 0 1137 0 0 0
cpu3 2872 201 1757 398665 1456 0 879 0 0 0
1777986624
cpu0 3205 0 8194 388846 1644 0 2626 0 0 0
cpu1 3186 0 3811 394985 2079 0 1333 0 0 0
cpu2 3430 35 3244 396359 1675 0 1137 0 0 0
cpu3 2872 201 1758 398761 1456 0 879 0 0 0
1777986625
cpu0 3206 0 8195 388938 1644 0 2627 0 0 0
cpu1 3186 0 3812 395082 2079 0 1333 0 0 0
cpu2 3430 35 3246 396457 1675 0 1137 0 0 0
cpu3 2872 201 1759 398859 1456 0 879 0 0 0
1777986626
cpu0 3208 0 8210 388968 1644 0 2631 0 0 0
cpu1 3187 0 3814 395165 2079 0 1335 0 0 0
cpu2 3431 35 3247 396541 1675 0 1138 0 0 0
cpu3 2873 201 1761 398947 1456 0 879 0 0 0
1777986627
cpu0 3209 0 8223 389004 1644 0 2633 0 0 0
cpu1 3188 0 3815 395250 2079 0 1336 0 0 0
cpu2 3431 35 3248 396628 1675 0 1139 0 0 0
cpu3 2874 201 1763 399035 1456 0 879 0 0 0
1777986628
cpu0 3210 0 8224 389103 1644 0 2633 0 0 0
cpu1 3189 0 3816 395349 2079 0 1336 0 0 0
cpu2 3432 35 3249 396726 1675 0 1139 0 0 0
cpu3 2875 201 1765 399133 1456 0 879 0 0 0
1777986629
cpu0 3212 0 8239 389168 1644 0 2636 0 0 0
cpu1 3189 0 3817 395442 2079 0 1337 0 0 0
cpu2 3432 35 3251 396817 1675 0 1141 0 0 0
cpu3 2875 201 1768 399224 1456 0 880 0 0 0
1777986630
cpu0 3217 0 8271 389184 1644 0 2642 0 0 0
cpu1 3189 0 3818 395529 2079 0 1339 0 0 0
cpu2 3432 35 3252 396897 1675 0 1143 0 0 0
cpu3 2877 201 1770 399306 1456 0 881 0 0 0
1777986631
cpu0 3220 0 8290 389232 1644 0 2647 0 0 0
cpu1 3190 0 3819 395620 2079 0 1340 0 0 0
cpu2 3433 35 3253 396985 1675 0 1144 0 0 0
cpu3 2877 201 1772 399395 1456 0 882 0 0 0
1777986632
cpu0 3221 0 8292 389330 1644 0 2647 0 0 0
cpu1 3190 0 3820 395719 2079 0 1340 0 0 0
cpu2 3433 35 3253 397084 1675 0 1144 0 0 0
cpu3 2878 201 1774 399493 1456 0 882 0 0 0
1777986633
cpu0 3226 0 8338 389359 1644 0 2662 0 0 0
cpu1 3191 0 3822 395804 2079 0 1343 0 0 0
cpu2 3434 35 3254 397168 1675 0 1147 0 0 0
cpu3 2878 201 1776 399577 1456 0 884 0 0 0
1777986634
cpu0 3233 0 8408 389361 1644 0 2679 0 0 0
cpu1 3191 0 3824 395887 2079 0 1345 0 0 0
cpu2 3434 35 3256 397247 1675 0 1152 0 0 0
cpu3 2878 201 1779 399658 1456 0 887 0 0 0
1777986635
cpu0 3236 0 8426 389433 1644 0 2684 0 0 0
cpu1 3191 0 3825 395981 2079 0 1346 0 0 0
cpu2 3435 35 3257 397341 1675 0 1152 0 0 0
cpu3 2879 201 1780 399752 1456 0 887 0 0 0
1777986636
cpu0 3236 0 8429 389528 1644 0 2685 0 0 0
cpu1 3192 0 3825 396079 2079 0 1346 0 0 0
cpu2 3435 35 3259 397439 1675 0 1152 0 0 0
cpu3 2879 201 1781 399850 1456 0 887 0 0 0
1777986637
cpu0 3244 0 8504 389528 1644 0 2703 0 0 0
cpu1 3192 0 3828 396154 2079 0 1353 0 0 0
cpu2 3435 35 3260 397513 1675 0 1156 0 0 0
cpu3 2880 201 1784 399932 1456 0 891 0 0 0
1777986638
cpu0 3252 0 8575 389532 1644 0 2720 0 0 0
cpu1 3192 0 3830 396230 2079 0 1360 0 0 0
cpu2 3436 35 3261 397588 1675 0 1162 0 0 0
cpu3 2881 201 1786 400017 1456 0 892 0 0 0
1777986639
cpu0 3252 0 8576 389631 1644 0 2720 0 0 0
cpu1 3193 0 3831 396328 2079 0 1361 0 0 0
cpu2 3436 35 3262 397687 1675 0 1162 0 0 0
cpu3 2881 201 1787 400116 1456 0 892 0 0 0
1777986640
cpu0 3255 0 8601 389696 1644 0 2728 0 0 0
cpu1 3193 0 3834 396421 2079 0 1362 0 0 0
cpu2 3437 35 3263 397778 1675 0 1164 0 0 0
cpu3 2882 201 1788 400208 1456 0 893 0 0 0
1777986641
cpu0 3261 0 8672 389696 1644 0 2752 0 0 0
cpu1 3194 0 3836 396504 2079 0 1367 0 0 0
cpu2 3437 35 3265 397858 1675 0 1167 0 0 0
cpu3 2883 201 1790 400290 1456 0 897 0 0 0
1777986642
cpu0 3268 0 8715 389730 1644 0 2768 0 0 0
cpu1 3194 0 3838 396593 2079 0 1368 0 0 0
cpu2 3437 35 3266 397944 1675 0 1170 0 0 0
cpu3 2883 201 1791 400378 1456 0 898 0 0 0
1777986643
cpu0 3268 0 8715 389829 1644 0 2768 0 0 0
cpu1 3195 0 3840 396691 2079 0 1368 0 0 0
cpu2 3438 35 3267 398043 1675 0 1170 0 0 0
cpu3 2883 201 1792 400477 1456 0 898 0 0 0
1777986645
cpu0 3275 0 8768 389862 1644 0 2776 0 0 0
cpu1 3195 0 3842 396776 2079 0 1371 0 0 0
cpu2 3438 35 3268 398123 1675 0 1175 0 0 0
cpu3 2883 201 1795 400561 1456 0 900 0 0 0
1777986646
cpu0 3284 0 8843 389862 1644 0 2793 0 0 0
cpu1 3196 0 3844 396855 2079 0 1375 0 0 0
cpu2 3439 35 3269 398196 1675 0 1183 0 0 0
cpu3 2884 201 1796 400639 1456 0 904 0 0 0
1777986647
cpu0 3287 0 8869 389929 1644 0 2797 0 0 0
cpu1 3197 0 3845 396947 2079 0 1376 0 0 0
cpu2 3439 35 3270 398286 1675 0 1185 0 0 0
cpu3 2885 201 1798 400731 1456 0 906 0 0 0
1777986648
cpu0 3288 0 8871 390027 1644 0 2797 0 0 0
cpu1 3197 0 3847 397044 2079 0 1376 0 0 0
cpu2 3440 35 3271 398384 1675 0 1185 0 0 0
cpu3 2886 201 1799 400829 1456 0 906 0 0 0
1777986649
cpu0 3297 0 8942 390029 1644 0 2814 0 0 0
cpu1 3198 0 3849 397117 2079 0 1382 0 0 0
cpu2 3440 35 3272 398462 1675 0 1191 0 0 0
cpu3 2886 201 1801 400909 1456 0 909 0 0 0
1777986650
cpu0 3306 0 9017 390029 1644 0 2831 0 0 0
cpu1 3199 0 3851 397189 2079 0 1387 0 0 0
cpu2 3440 35 3274 398541 1675 0 1196 0 0 0
cpu3 2887 201 1803 400989 1456 0 913 0 0 0
1777986651
cpu0 3306 0 9019 390127 1644 0 2832 0 0 0
cpu1 3199 0 3852 397287 2079 0 1387 0 0 0
cpu2 3441 35 3275 398639 1675 0 1196 0 0 0
cpu3 2887 201 1804 401087 1456 0 913 0 0 0
1777986652
cpu0 3309 0 9040 390197 1644 0 2838 0 0 0
cpu1 3199 0 3853 397378 2079 0 1391 0 0 0
cpu2 3441 35 3276 398733 1675 0 1198 0 0 0
cpu3 2888 201 1806 401181 1456 0 914 0 0 0
1777986653
cpu0 3316 0 9110 390197 1644 0 2860 0 0 0
cpu1 3200 0 3855 397452 2079 0 1398 0 0 0
cpu2 3442 35 3278 398815 1675 0 1200 0 0 0
cpu3 2889 201 1808 401265 1456 0 916 0 0 0
1777986654
cpu0 3322 0 9161 390227 1644 0 2875 0 0 0
cpu1 3201 0 3856 397534 2079 0 1401 0 0 0
cpu2 3442 35 3279 398903 1675 0 1203 0 0 0
cpu3 2889 201 1811 401353 1456 0 919 0 0 0
1777986655
cpu0 3322 0 9162 390326 1644 0 2875 0 0 0
cpu1 3201 0 3857 397634 2079 0 1401 0 0 0
cpu2 3442 35 3279 399002 1675 0 1203 0 0 0
cpu3 2889 201 1812 401451 1456 0 919 0 0 0
1777986656
cpu0 3326 0 9206 390364 1644 0 2888 0 0 0
cpu1 3201 0 3858 397718 2079 0 1404 0 0 0
cpu2 3443 35 3280 399090 1675 0 1207 0 0 0
cpu3 2890 201 1815 401536 1456 0 922 0 0 0
1777986657
cpu0 3333 0 9278 390364 1644 0 2910 0 0 0
cpu1 3202 0 3860 397795 2079 0 1410 0 0 0
cpu2 3443 35 3282 399172 1675 0 1211 0 0 0
cpu3 2891 201 1818 401614 1456 0 927 0 0 0
1777986658
cpu0 3336 0 9307 390425 1644 0 2918 0 0 0
cpu1 3202 0 3862 397885 2079 0 1412 0 0 0
cpu2 3444 35 3283 399264 1675 0 1213 0 0 0
cpu3 2891 201 1820 401704 1456 0 929 0 0 0
