1777986391
cpu0 2862 0 5998 370793 1643 0 1739 0 0 0
cpu1 3023 0 2944 374712 2075 0 821 0 0 0
cpu2 3178 35 1469 377004 1675 0 524 0 0 0
cpu3 2744 201 1476 377431 1455 0 527 0 0 0
1777986392
cpu0 2862 0 5998 370892 1643 0 1739 0 0 0
cpu1 3024 0 2945 374811 2075 0 821 0 0 0
cpu2 3179 35 1470 377102 1675 0 524 0 0 0
cpu3 2744 201 1476 377530 1455 0 527 0 0 0
1777986393
cpu0 2862 0 5998 370987 1643 0 1739 0 0 0
cpu1 3024 0 2945 374908 2075 0 821 0 0 0
cpu2 3179 35 1472 377198 1675 0 524 0 0 0
cpu3 2745 201 1477 377627 1455 0 527 0 0 0
1777986394
cpu0 2863 0 5999 371084 1643 0 1739 0 0 0
cpu1 3024 0 2946 375002 2075 0 821 0 0 0
cpu2 3179 35 1473 377290 1675 0 525 0 0 0
cpu3 2745 201 1478 377725 1455 0 527 0 0 0
1777986395
cpu0 2863 0 5999 371179 1643 0 1740 0 0 0
cpu1 3024 0 2947 375101 2075 0 821 0 0 0
cpu2 3179 35 1474 377388 1675 0 525 0 0 0
cpu3 2745 201 1479 377823 1455 0 527 0 0 0
1777986396
cpu0 2863 0 6000 371278 1643 0 1740 0 0 0
cpu1 3025 0 2947 375200 2075 0 822 0 0 0
cpu2 3179 35 1475 377487 1675 0 525 0 0 0
cpu3 2746 201 1480 377922 1455 0 527 0 0 0
1777986397
cpu0 2863 0 6001 371366 1643 0 1740 0 0 0
cpu1 3025 0 2948 375290 2075 0 822 0 0 0
cpu2 3180 35 1475 377575 1675 0 525 0 0 0
cpu3 2746 201 1481 378015 1455 0 527 0 0 0
1777986398
cpu0 2864 0 6002 371460 1643 0 1741 0 0 0
cpu1 3025 0 2949 375372 2075 0 822 0 0 0
cpu2 3180 35 1476 377665 1675 0 525 0 0 0
cpu3 2746 201 1482 378108 1455 0 527 0 0 0
1777986399
cpu0 2864 0 6002 371558 1643 0 1741 0 0 0
cpu1 3026 0 2950 375470 2075 0 822 0 0 0
cpu2 3180 35 1477 377764 1675 0 525 0 0 0
cpu3 2747 201 1483 378206 1455 0 527 0 0 0
1777986400
cpu0 2864 0 6003 371652 1643 0 1742 0 0 0
cpu1 3026 0 2951 375563 2075 0 822 0 0 0
cpu2 3181 35 1479 377860 1675 0 525 0 0 0
cpu3 2747 201 1484 378303 1455 0 527 0 0 0
1777986401
cpu0 2864 0 6004 371730 1643 0 1742 0 0 0
cpu1 3027 0 2952 375654 2075 0 823 0 0 0
cpu2 3181 35 1481 377936 1675 0 526 0 0 0
cpu3 2748 201 1484 378396 1455 0 527 0 0 0
1777986402
cpu0 2864 0 6005 371811 1643 0 1743 0 0 0
cpu1 3027 0 2953 375744 2075 0 823 0 0 0
cpu2 3182 35 1482 378021 1675 0 526 0 0 0
cpu3 2748 201 1485 378491 1455 0 527 0 0 0
1777986403
cpu0 2865 0 6005 371910 1643 0 1743 0 0 0
cpu1 3027 0 2953 375843 2075 0 823 0 0 0
cpu2 3182 35 1483 378119 1675 0 526 0 0 0
cpu3 2748 201 1486 378589 1455 0 527 0 0 0
1777986404
cpu0 2865 0 6006 371999 1643 0 1744 0 0 0
cpu1 3028 0 2955 375923 2075 0 824 0 0 0
cpu2 3183 35 1485 378208 1675 0 526 0 0 0
cpu3 2749 201 1487 378683 1455 0 527 0 0 0
1777986405
cpu0 2866 0 6008 372077 1643 0 1745 0 0 0
cpu1 3028 0 2956 375992 2075 0 824 0 0 0
cpu2 3183 35 1486 378287 1675 0 527 0 0 0
cpu3 2750 201 1488 378773 1455 0 527 0 0 0
1777986406
cpu0 2866 0 6010 372160 1643 0 1746 0 0 0
cpu1 3028 0 2957 376081 2075 0 824 0 0 0
cpu2 3183 35 1487 378380 1675 0 527 0 0 0
cpu3 2750 201 1489 378868 1455 0 527 0 0 0
1777986407
cpu0 2866 0 6011 372259 1643 0 1746 0 0 0
cpu1 3029 0 2958 376180 2075 0 824 0 0 0
cpu2 3184 35 1488 378479 1675 0 527 0 0 0
cpu3 2750 201 1490 378967 1455 0 527 0 0 0
1777986408
cpu0 2866 0 6013 372340 1643 0 1747 0 0 0
cpu1 3030 0 2963 376245 2075 0 826 0 0 0
cpu2 3185 35 1491 378555 1675 0 528 0 0 0
cpu3 2751 201 1491 379053 1455 0 527 0 0 0
1777986409
cpu0 2868 0 6019 372393 1643 0 1750 0 0 0
cpu1 3030 0 2966 376318 2075 0 827 0 0 0
cpu2 3186 35 1492 378641 1675 0 529 0 0 0
cpu3 2751 201 1491 379137 1455 0 528 0 0 0
1777986410
cpu0 2868 0 6020 372490 1643 0 1750 0 0 0
cpu1 3030 0 2967 376414 2075 0 828 0 0 0
cpu2 3186 35 1493 378732 1675 0 530 0 0 0
cpu3 2752 201 1493 379233 1455 0 528 0 0 0
1777986411
cpu0 2869 0 6020 372586 1643 0 1751 0 0 0
cpu1 3031 0 2969 376509 2075 0 828 0 0 0
cpu2 3186 35 1497 378821 1675 0 531 0 0 0
cpu3 2752 201 1494 379329 1455 0 528 0 0 0
1777986412
cpu0 2869 0 6023 372663 1643 0 1754 0 0 0
cpu1 3031 0 2975 376583 2075 0 830 0 0 0
cpu2 3189 35 1512 378860 1675 0 536 0 0 0
cpu3 2752 201 1496 379412 1455 0 529 0 0 0
1777986413
cpu0 2870 0 6024 372747 1643 0 1757 0 0 0
cpu1 3033 0 2985 376640 2075 0 831 0 0 0
cpu2 3191 35 1519 378927 1675 0 539 0 0 0
cpu3 2753 201 1497 379497 1455 0 530 0 0 0
1777986414
cpu0 2870 0 6024 372846 1643 0 1757 0 0 0
cpu1 3033 0 2985 376740 2075 0 831 0 0 0
cpu2 3191 35 1520 379026 1675 0 539 0 0 0
cpu3 2753 201 1498 379596 1455 0 530 0 0 0
1777986415
cpu0 2871 0 6025 372935 1643 0 1758 0 0 0
cpu1 3036 0 3007 376800 2075 0 836 0 0 0
cpu2 3191 35 1523 379114 1675 0 540 0 0 0
cpu3 2753 201 1499 379685 1455 0 532 0 0 0
1777986416
cpu0 2871 0 6026 373016 1643 0 1762 0 0 0
cpu1 3040 0 3037 376835 2075 0 846 0 0 0
cpu2 3193 35 1539 379170 1675 0 545 0 0 0
cpu3 2753 201 1500 379765 1455 0 535 0 0 0
1777986417
cpu0 2872 0 6028 373104 1643 0 1764 0 0 0
cpu1 3041 0 3043 376915 2075 0 849 0 0 0
cpu2 3195 35 1556 379232 1675 0 550 0 0 0
cpu3 2754 201 1502 379853 1455 0 536 0 0 0
1777986418
cpu0 2873 0 6028 373203 1643 0 1765 0 0 0
cpu1 3042 0 3044 377014 2075 0 849 0 0 0
cpu2 3196 35 1557 379331 1675 0 550 0 0 0
cpu3 2755 201 1503 379951 1455 0 536 0 0 0
1777986419
cpu0 2879 0 6084 373224 1643 0 1781 0 0 0
cpu1 3042 0 3045 377100 2075 0 854 0 0 0
cpu2 3196 35 1558 379411 1675 0 556 0 0 0
cpu3 2755 201 1504 380033 1455 0 542 0 0 0
1777986420
cpu0 2887 0 6158 373224 1643 0 1801 0 0 0
cpu1 3043 0 3047 377182 2075 0 860 0 0 0
cpu2 3197 35 1559 379488 1675 0 566 0 0 0
cpu3 2755 201 1505 380110 1455 0 552 0 0 0
1777986421
cpu0 2888 0 6174 373303 1643 0 1804 0 0 0
cpu1 3044 0 3048 377277 2075 0 862 0 0 0
cpu2 3197 35 1559 379583 1675 0 568 0 0 0
cpu3 2756 201 1506 380205 1455 0 554 0 0 0
1777986422
cpu0 2889 0 6175 373400 1643 0 1806 0 0 0
cpu1 3044 0 3055 377366 2075 0 864 0 0 0
cpu2 3198 35 1561 379680 1675 0 569 0 0 0
cpu3 2756 201 1506 380302 1455 0 556 0 0 0
1777986423
cpu0 2889 0 6175 373473 1643 0 1816 0 0 0
cpu1 3051 0 3126 377366 2075 0 887 0 0 0
cpu2 3198 35 1563 379764 1675 0 573 0 0 0
cpu3 2757 201 1507 380382 1455 0 562 0 0 0
1777986424
cpu0 2889 0 6176 373550 1643 0 1824 0 0 0
cpu1 3058 0 3188 377376 2075 0 908 0 0 0
cpu2 3199 35 1564 379852 1675 0 577 0 0 0
cpu3 2757 201 1508 380465 1455 0 568 0 0 0
1777986425
cpu0 2889 0 6176 373649 1643 0 1825 0 0 0
cpu1 3058 0 3189 377476 2075 0 908 0 0 0
cpu2 3199 35 1565 379951 1675 0 577 0 0 0
cpu3 2757 201 1509 380565 1455 0 568 0 0 0
1777986426
cpu0 2889 0 6177 373742 1643 0 1827 0 0 0
cpu1 3060 0 3217 377533 2075 0 919 0 0 0
cpu2 3199 35 1566 380041 1675 0 581 0 0 0
cpu3 2758 201 1509 380657 1455 0 570 0 0 0
1777986427
cpu0 2890 0 6179 373823 1643 0 1835 0 0 0
cpu1 3068 0 3286 377533 2075 0 944 0 0 0
cpu2 3200 35 1568 380122 1675 0 590 0 0 0
cpu3 2758 201 1510 380740 1455 0 578 0 0 0
1777986428
cpu0 2890 0 6179 373913 1643 0 1837 0 0 0
cpu1 3073 0 3327 377575 2075 0 957 0 0 0
cpu2 3201 35 1569 380211 1675 0 593 0 0 0
cpu3 2758 201 1511 380830 1455 0 579 0 0 0
1777986429
cpu0 2891 0 6180 374012 1643 0 1837 0 0 0
cpu1 3073 0 3327 377675 2075 0 957 0 0 0
cpu2 3201 35 1570 380310 1675 0 593 0 0 0
cpu3 2758 201 1511 380929 1455 0 579 0 0 0
1777986430
cpu0 2891 0 6182 374090 1643 0 1844 0 0 0
cpu1 3073 0 3328 377752 2075 0 964 0 0 0
cpu2 3207 35 1625 380337 1675 0 606 0 0 0
cpu3 2759 201 1513 381013 1455 0 583 0 0 0
1777986431
cpu0 2891 0 6182 374161 1643 0 1857 0 0 0
cpu1 3074 0 3329 377825 2075 0 973 0 0 0
cpu2 3215 35 1702 380337 1675 0 621 0 0 0
cpu3 2760 201 1515 381094 1455 0 590 0 0 0
1777986432
cpu0 2891 0 6183 374252 1643 0 1862 0 0 0
cpu1 3074 0 3330 377916 2075 0 976 0 0 0
cpu2 3217 35 1723 380410 1675 0 624 0 0 0
cpu3 2761 201 1516 381188 1456 0 593 0 0 0
1777986433
cpu0 2891 0 6187 374347 1643 0 1863 0 0 0
cpu1 3075 0 3331 378013 2075 0 976 0 0 0
cpu2 3217 35 1724 380509 1675 0 625 0 0 0
cpu3 2761 201 1517 381286 1456 0 594 0 0 0
1777986434
cpu0 2899 0 6237 374366 1643 0 1885 0 0 0
cpu1 3075 0 3333 378084 2075 0 985 0 0 0
cpu2 3220 35 1743 380572 1675 0 632 0 0 0
cpu3 2761 201 1518 381370 1456 0 599 0 0 0
1777986435
cpu0 2906 0 6303 374371 1643 0 1908 0 0 0
cpu1 3076 0 3334 378159 2075 0 993 0 0 0
cpu2 3220 35 1744 380658 1675 0 637 0 0 0
cpu3 2761 201 1519 381455 1456 0 604 0 0 0
1777986436
cpu0 2906 0 6304 374469 1643 0 1908 0 0 0
cpu1 3076 0 3335 378258 2075 0 993 0 0 0
cpu2 3220 35 1745 380757 1675 0 637 0 0 0
cpu3 2761 201 1519 381555 1456 0 604 0 0 0
1777986437
cpu0 2907 0 6305 374556 1643 0 1912 0 0 0
cpu1 3077 0 3336 378351 2075 0 994 0 0 0
cpu2 3223 35 1771 380820 1675 0 645 0 0 0
cpu3 2762 201 1520 381648 1456 0 606 0 0 0
1777986438
cpu0 2907 0 6306 374627 1643 0 1926 0 0 0
cpu1 3077 0 3337 378431 2075 0 1003 0 0 0
cpu2 3230 35 1844 380820 1675 0 666 0 0 0
cpu3 2762 201 1521 381732 1456 0 613 0 0 0
1777986439
cpu0 2908 0 6306 374708 1643 0 1931 0 0 0
cpu1 3077 0 3339 378519 2075 0 1006 0 0 0
cpu2 3234 35 1892 380857 1675 0 677 0 0 0
cpu3 2763 201 1522 381822 1456 0 616 0 0 0
