1777986557
cpu0 3046 0 7063 384430 1644 0 2320 0 0 0
cpu1 3154 0 3721 388806 2077 0 1260 0 0 0
cpu2 3401 35 3168 390174 1675 0 1068 0 0 0
cpu3 2838 201 1662 392575 1456 0 815 0 0 0
1777986558
cpu0 3046 0 7064 384529 1644 0 2320 0 0 0
cpu1 3154 0 3722 388905 2077 0 1260 0 0 0
cpu2 3401 35 3170 390273 1675 0 1068 0 0 0
cpu3 2838 201 1663 392674 1456 0 815 0 0 0
1777986559
cpu0 3046 0 7066 384620 1644 0 2320 0 0 0
cpu1 3155 0 3723 389003 2077 0 1260 0 0 0
cpu2 3401 35 3171 390370 1675 0 1068 0 0 0
cpu3 2838 201 1664 392771 1456 0 815 0 0 0
1777986560
cpu0 3047 0 7068 384707 1644 0 2321 0 0 0
cpu1 3155 0 3724 389100 2077 0 1261 0 0 0
cpu2 3402 35 3171 390467 1675 0 1068 0 0 0
cpu3 2839 201 1665 392867 1456 0 815 0 0 0
1777986561
cpu0 3047 0 7069 384801 1644 0 2321 0 0 0
cpu1 3155 0 3725 389197 2077 0 1261 0 0 0
cpu2 3402 35 3172 390565 1675 0 1068 0 0 0
cpu3 2839 201 1666 392965 1456 0 815 0 0 0
1777986562
cpu0 3047 0 7070 384899 1644 0 2321 0 0 0
cpu1 3155 0 3725 389296 2077 0 1261 0 0 0
cpu2 3402 35 3173 390664 1675 0 1068 0 0 0
cpu3 2839 201 1667 393064 1456 0 815 0 0 0
1777986563
cpu0 3048 0 7072 384974 1644 0 2322 0 0 0
cpu1 3156 0 3726 389390 2077 0 1261 0 0 0
cpu2 3403 35 3174 390757 1675 0 1068 0 0 0
cpu3 2840 201 1668 393158 1456 0 815 0 0 0
1777986564
cpu0 3049 0 7072 385048 1644 0 2323 0 0 0
cpu1 3157 0 3728 389485 2077 0 1261 0 0 0
cpu2 3404 35 3175 390851 1675 0 1068 0 0 0
cpu3 2841 201 1669 393253 1456 0 815 0 0 0
1777986565
cpu0 3049 0 7074 385145 1644 0 2323 0 0 0
cpu1 3157 0 3729 389583 2077 0 1261 0 0 0
cpu2 3404 35 3176 390949 1675 0 1068 0 0 0
cpu3 2841 201 1670 393351 1456 0 815 0 0 0
1777986566
cpu0 3050 0 7075 385234 1644 0 2323 0 0 0
cpu1 3157 0 3730 389680 2077 0 1261 0 0 0
cpu2 3404 35 3177 391046 1675 0 1068 0 0 0
cpu3 2841 201 1671 393449 1456 0 815 0 0 0
1777986567
cpu0 3050 0 7076 385294 1644 0 2324 0 0 0
cpu1 3157 0 3732 389772 2077 0 1262 0 0 0
cpu2 3405 35 3178 391136 1675 0 1068 0 0 0
cpu3 2843 201 1673 393539 1456 0 815 0 0 0
1777986568
cpu0 3050 0 7078 385362 1644 0 2325 0 0 0
cpu1 3158 0 3733 389865 2077 0 1262 0 0 0
cpu2 3405 35 3179 391228 1675 0 1069 0 0 0
cpu3 2843 201 1674 393632 1456 0 815 0 0 0
1777986569
cpu0 3051 0 7079 385461 1644 0 2325 0 0 0
cpu1 3158 0 3735 389963 2077 0 1262 0 0 0
cpu2 3406 35 3180 391327 1675 0 1069 0 0 0
cpu3 2843 201 1675 393731 1456 0 815 0 0 0
1777986570
cpu0 3051 0 7081 385531 1644 0 2326 0 0 0
cpu1 3159 0 3736 390055 2077 0 1262 0 0 0
cpu2 3406 35 3181 391420 1675 0 1069 0 0 0
cpu3 2844 201 1676 393825 1456 0 815 0 0 0
1777986571
cpu0 3052 0 7085 385578 1644 0 2327 0 0 0
cpu1 3159 0 3738 390142 2077 0 1262 0 0 0
cpu2 3407 35 3183 391509 1675 0 1069 0 0 0
cpu3 2844 201 1678 393914 1456 0 816 0 0 0
1777986572
cpu0 3052 0 7088 385653 1644 0 2328 0 0 0
cpu1 3160 0 3739 390234 2079 0 1263 0 0 0
cpu2 3407 35 3184 391604 1675 0 1069 0 0 0
cpu3 2845 201 1679 394008 1456 0 816 0 0 0
1777986573
cpu0 3052 0 7089 385752 1644 0 2328 0 0 0
cpu1 3161 0 3741 390333 2079 0 1263 0 0 0
cpu2 3407 35 3185 391702 1675 0 1069 0 0 0
cpu3 2845 201 1680 394107 1456 0 816 0 0 0
1777986574
cpu0 3053 0 7101 385791 1644 0 2331 0 0 0
cpu1 3161 0 3742 390424 2079 0 1263 0 0 0
cpu2 3408 35 3186 391787 1675 0 1070 0 0 0
cpu3 2845 201 1682 394195 1456 0 816 0 0 0
1777986575
cpu0 3055 0 7116 385819 1644 0 2334 0 0 0
cpu1 3161 0 3744 390514 2079 0 1264 0 0 0
cpu2 3408 35 3187 391870 1675 0 1071 0 0 0
cpu3 2846 201 1684 394282 1456 0 817 0 0 0
1777986576
cpu0 3056 0 7118 385908 1644 0 2335 0 0 0
cpu1 3161 0 3745 390612 2079 0 1264 0 0 0
cpu2 3408 35 3188 391966 1675 0 1071 0 0 0
cpu3 2846 201 1685 394378 1456 0 817 0 0 0
1777986577
cpu0 3058 0 7125 385993 1644 0 2336 0 0 0
cpu1 3162 0 3747 390707 2079 0 1265 0 0 0
cpu2 3408 35 3190 392061 1675 0 1072 0 0 0
cpu3 2847 201 1687 394473 1456 0 817 0 0 0
1777986578
cpu0 3061 0 7154 386010 1644 0 2342 0 0 0
cpu1 3163 0 3748 390787 2079 0 1267 0 0 0
cpu2 3409 35 3190 392143 1675 0 1073 0 0 0
cpu3 2847 201 1689 394556 1456 0 819 0 0 0
1777986579
cpu0 3063 0 7178 386042 1644 0 2347 0 0 0
cpu1 3164 0 3748 390872 2079 0 1267 0 0 0
cpu2 3409 35 3192 392229 1675 0 1074 0 0 0
cpu3 2848 201 1691 394642 1456 0 820 0 0 0
1777986580
cpu0 3063 0 7178 386141 1644 0 2347 0 0 0
cpu1 3164 0 3749 390971 2079 0 1267 0 0 0
cpu2 3409 35 3192 392327 1675 0 1074 0 0 0
cpu3 2848 201 1693 394740 1456 0 820 0 0 0
1777986581
cpu0 3068 0 7205 386195 1644 0 2352 0 0 0
cpu1 3164 0 3751 391059 2079 0 1269 0 0 0
cpu2 3410 35 3194 392415 1675 0 1077 0 0 0
cpu3 2849 201 1695 394829 1456 0 821 0 0 0
1777986582
cpu0 3075 0 7263 386201 1644 0 2360 0 0 0
cpu1 3165 0 3753 391137 2079 0 1271 0 0 0
cpu2 3410 35 3194 392492 1675 0 1079 0 0 0
cpu3 2850 201 1696 394909 1456 0 824 0 0 0
1777986583
cpu0 3081 0 7296 386251 1644 0 2364 0 0 0
cpu1 3166 0 3754 391225 2079 0 1272 0 0 0
cpu2 3411 35 3195 392579 1675 0 1081 0 0 0
cpu3 2850 201 1697 394997 1456 0 825 0 0 0
1777986584
cpu0 3081 0 7297 386350 1644 0 2364 0 0 0
cpu1 3166 0 3755 391324 2079 0 1273 0 0 0
cpu2 3411 35 3197 392678 1675 0 1081 0 0 0
cpu3 2851 201 1699 395095 1456 0 825 0 0 0
1777986585
cpu0 3087 0 7352 386371 1644 0 2381 0 0 0
cpu1 3166 0 3756 391410 2079 0 1276 0 0 0
cpu2 3411 35 3198 392761 1675 0 1083 0 0 0
cpu3 2852 201 1700 395177 1456 0 829 0 0 0
1777986586
cpu0 3095 0 7424 386371 1644 0 2402 0 0 0
cpu1 3167 0 3759 391494 2079 0 1280 0 0 0
cpu2 3411 35 3200 392842 1675 0 1089 0 0 0
cpu3 2852 201 1702 395255 1456 0 834 0 0 0
1777986587
cpu0 3097 0 7439 386450 1644 0 2407 0 0 0
cpu1 3167 0 3760 391590 2079 0 1281 0 0 0
cpu2 3412 35 3201 392936 1675 0 1090 0 0 0
cpu3 2853 201 1703 395349 1456 0 835 0 0 0
1777986588
cpu0 3098 0 7447 386540 1644 0 2408 0 0 0
cpu1 3167 0 3761 391687 2079 0 1282 0 0 0
cpu2 3413 35 3202 393032 1675 0 1091 0 0 0
cpu3 2853 201 1705 395445 1456 0 836 0 0 0
1777986589
cpu0 3105 0 7517 386540 1644 0 2431 0 0 0
cpu1 3168 0 3763 391766 2079 0 1286 0 0 0
cpu2 3413 35 3204 393109 1675 0 1097 0 0 0
cpu3 2853 201 1707 395525 1456 0 839 0 0 0
1777986590
cpu0 3113 0 7581 386550 1644 0 2449 0 0 0
cpu1 3168 0 3764 391850 2079 0 1289 0 0 0
cpu2 3414 35 3205 393188 1675 0 1103 0 0 0
cpu3 2853 201 1709 395609 1456 0 842 0 0 0
1777986591
cpu0 3114 0 7582 386649 1644 0 2449 0 0 0
cpu1 3168 0 3765 391949 2079 0 1289 0 0 0
cpu2 3414 35 3207 393286 1675 0 1103 0 0 0
cpu3 2854 201 1709 395707 1456 0 842 0 0 0
1777986592
cpu0 3117 0 7615 386708 1644 0 2455 0 0 0
cpu1 3169 0 3766 392036 2079 0 1293 0 0 0
cpu2 3415 35 3208 393377 1675 0 1105 0 0 0
cpu3 2855 201 1711 395798 1456 0 843 0 0 0
1777986593
cpu0 3126 0 7692 386708 1644 0 2470 0 0 0
cpu1 3169 0 3768 392107 2079 0 1299 0 0 0
cpu2 3416 35 3209 393456 1675 0 1109 0 0 0
cpu3 2856 201 1714 395878 1456 0 846 0 0 0
1777986594
cpu0 3130 0 7738 386749 1644 0 2478 0 0 0
cpu1 3170 0 3769 392191 2079 0 1301 0 0 0
cpu2 3416 35 3211 393543 1675 0 1112 0 0 0
cpu3 2856 201 1716 395966 1456 0 848 0 0 0
1777986595
cpu0 3131 0 7738 386848 1644 0 2478 0 0 0
cpu1 3170 0 3769 392290 2079 0 1301 0 0 0
cpu2 3416 35 3212 393642 1675 0 1112 0 0 0
cpu3 2857 201 1718 396064 1456 0 848 0 0 0
1777986596
cpu0 3136 0 7790 386875 1644 0 2494 0 0 0
cpu1 3170 0 3771 392378 2079 0 1304 0 0 0
cpu2 3417 35 3213 393726 1675 0 1115 0 0 0
cpu3 2857 201 1720 396147 1456 0 852 0 0 0
1777986597
cpu0 3143 0 7861 386875 1644 0 2516 0 0 0
cpu1 3171 0 3773 392461 2079 0 1308 0 0 0
cpu2 3417 35 3214 393805 1675 0 1120 0 0 0
cpu3 2858 201 1722 396224 1456 0 858 0 0 0
1777986598
cpu0 3146 0 7880 386948 1644 0 2522 0 0 0
cpu1 3172 0 3774 392555 2079 0 1309 0 0 0
cpu2 3418 35 3215 393899 1675 0 1121 0 0 0
cpu3 2858 201 1723 396318 1456 0 859 0 0 0
1777986599
cpu0 3146 0 7883 387043 1644 0 2524 0 0 0
cpu1 3173 0 3776 392652 2079 0 1309 0 0 0
cpu2 3418 35 3217 393996 1675 0 1122 0 0 0
cpu3 2859 201 1724 396416 1456 0 860 0 0 0
1777986600
cpu0 3154 0 7950 387043 1644 0 2550 0 0 0
cpu1 3173 0 3778 392732 2079 0 1314 0 0 0
cpu2 3419 35 3217 394076 1675 0 1127 0 0 0
cpu3 2860 201 1726 396496 1456 0 864 0 0 0
1777986601
cpu0 3160 0 8018 387047 1644 0 2572 0 0 0
cpu1 3173 0 3780 392814 2079 0 1318 0 0 0
cpu2 3419 35 3218 394157 1675 0 1129 0 0 0
cpu3 2860 201 1727 396578 1456 0 868 0 0 0
1777986602
cpu0 3160 0 8019 387146 1644 0 2572 0 0 0
cpu1 3174 0 3781 392912 2079 0 1318 0 0 0
cpu2 3419 35 3218 394256 1675 0 1129 0 0 0
cpu3 2860 201 1728 396677 1456 0 868 0 0 0
1777986603
cpu0 3164 0 8046 387210 1644 0 2578 0 0 0
cpu1 3174 0 3782 393001 2079 0 1321 0 0 0
cpu2 3419 35 3220 394350 1675 0 1130 0 0 0
cpu3 2861 201 1729 396768 1456 0 869 0 0 0
1777986604
cpu0 3170 0 8117 387210 1644 0 2601 0 0 0
cpu1 3175 0 3784 393075 2079 0 1327 0 0 0
cpu2 3420 35 3221 394434 1675 0 1133 0 0 0
cpu3 2861 201 1731 396846 1456 0 874 0 0 0
1777986605
cpu0 3176 0 8161 387245 1644 0 2617 0 0 0
cpu1 3176 0 3785 393159 2079 0 1330 0 0 0
cpu2 3420 35 3222 394523 1675 0 1135 0 0 0
cpu3 2862 201 1732 396931 1456 0 877 0 0 0
