1777987462
cpu0 4939 0 19864 445308 1648 0 7670 0 0 0
cpu1 4424 0 10822 458813 2083 0 4523 0 0 0
cpu2 4252 35 6846 466520 1684 0 3356 0 0 0
cpu3 3519 201 3941 472588 1461 0 2471 0 0 0
1777987463
cpu0 4939 0 19866 445405 1648 0 7670 0 0 0
cpu1 4424 0 10824 458911 2083 0 4524 0 0 0
cpu2 4253 35 6847 466618 1684 0 3356 0 0 0
cpu3 3520 201 3944 472684 1461 0 2472 0 0 0
1777987464
cpu0 4941 0 19870 445496 1648 0 7671 0 0 0
cpu1 4425 0 10827 459003 2083 0 4524 0 0 0
cpu2 4253 35 6849 466711 1684 0 3357 0 0 0
cpu3 3520 201 3947 472779 1461 0 2472 0 0 0
1777987465
cpu0 4941 0 19873 445585 1648 0 7671 0 0 0
cpu1 4425 0 10829 459094 2083 0 4524 0 0 0
cpu2 4253 35 6851 466802 1684 0 3358 0 0 0
cpu3 3521 201 3950 472872 1463 0 2472 0 0 0
1777987466
cpu0 4942 0 19875 445679 1648 0 7671 0 0 0
cpu1 4426 0 10832 459188 2083 0 4524 0 0 0
cpu2 4253 35 6853 466896 1684 0 3358 0 0 0
cpu3 3521 201 3952 472969 1463 0 2472 0 0 0
1777987467
cpu0 4943 0 19878 445776 1648 0 7671 0 0 0
cpu1 4426 0 10834 459285 2083 0 4524 0 0 0
cpu2 4254 35 6855 466993 1684 0 3358 0 0 0
cpu3 3521 201 3954 473066 1463 0 2472 0 0 0
1777987468
cpu0 4944 0 19880 445858 1648 0 7673 0 0 0
cpu1 4428 0 10837 459368 2083 0 4525 0 0 0
cpu2 4255 35 6859 467076 1684 0 3358 0 0 0
cpu3 3523 201 3957 473156 1463 0 2472 0 0 0
1777987469
cpu0 4945 0 19882 445939 1648 0 7673 0 0 0
cpu1 4428 0 10840 459451 2083 0 4525 0 0 0
cpu2 4255 35 6862 467159 1684 0 3359 0 0 0
cpu3 3523 201 3959 473246 1463 0 2472 0 0 0
1777987470
cpu0 4945 0 19886 446034 1648 0 7674 0 0 0
cpu1 4429 0 10843 459547 2083 0 4526 0 0 0
cpu2 4256 35 6864 467256 1684 0 3359 0 0 0
cpu3 3524 201 3961 473343 1463 0 2472 0 0 0
1777987471
cpu0 4947 0 19887 446125 1648 0 7674 0 0 0
cpu1 4429 0 10845 459640 2083 0 4526 0 0 0
cpu2 4257 35 6866 467348 1684 0 3359 0 0 0
cpu3 3525 201 3963 473438 1463 0 2472 0 0 0
1777987472
cpu0 4947 0 19891 446200 1648 0 7675 0 0 0
cpu1 4430 0 10849 459716 2083 0 4526 0 0 0
cpu2 4257 35 6870 467422 1684 0 3360 0 0 0
cpu3 3526 201 3965 473526 1463 0 2472 0 0 0
1777987473
cpu0 4948 0 19894 446279 1648 0 7675 0 0 0
cpu1 4431 0 10852 459796 2083 0 4527 0 0 0
cpu2 4258 35 6873 467501 1684 0 3360 0 0 0
cpu3 3527 201 3968 473616 1463 0 2472 0 0 0
1777987474
cpu0 4949 0 19895 446377 1648 0 7676 0 0 0
cpu1 4431 0 10853 459895 2083 0 4527 0 0 0
cpu2 4259 35 6876 467597 1684 0 3360 0 0 0
cpu3 3527 201 3971 473712 1463 0 2472 0 0 0
1777987475
cpu0 4950 0 19898 446456 1648 0 7677 0 0 0
cpu1 4431 0 10856 459977 2083 0 4528 0 0 0
cpu2 4259 35 6880 467680 1684 0 3361 0 0 0
cpu3 3528 201 3974 473801 1463 0 2473 0 0 0
1777987476
cpu0 4950 0 19903 446520 1648 0 7679 0 0 0
cpu1 4432 0 10859 460046 2083 0 4529 0 0 0
cpu2 4260 35 6883 467751 1684 0 3362 0 0 0
cpu3 3529 201 3978 473882 1463 0 2473 0 0 0
1777987477
cpu0 4951 0 19906 446601 1648 0 7680 0 0 0
cpu1 4433 0 10861 460131 2083 0 4529 0 0 0
cpu2 4261 35 6885 467836 1684 0 3362 0 0 0
cpu3 3530 201 3981 473972 1463 0 2473 0 0 0
1777987478
cpu0 4952 0 19910 446697 1648 0 7680 0 0 0
cpu1 4433 0 10862 460229 2083 0 4530 0 0 0
cpu2 4262 35 6886 467933 1684 0 3362 0 0 0
cpu3 3531 201 3983 474069 1463 0 2473 0 0 0
1777987479
cpu0 4953 0 19914 446759 1648 0 7682 0 0 0
cpu1 4434 0 10866 460296 2083 0 4531 0 0 0
cpu2 4263 35 6892 467996 1684 0 3364 0 0 0
cpu3 3532 201 3987 474152 1463 0 2474 0 0 0
1777987480
cpu0 4955 0 19917 446817 1648 0 7685 0 0 0
cpu1 4435 0 10871 460359 2083 0 4532 0 0 0
cpu2 4264 35 6897 468055 1684 0 3366 0 0 0
cpu3 3534 201 3990 474235 1463 0 2474 0 0 0
1777987481
cpu0 4955 0 19922 446907 1648 0 7685 0 0 0
cpu1 4436 0 10873 460452 2083 0 4533 0 0 0
cpu2 4264 35 6899 468147 1684 0 3367 0 0 0
cpu3 3534 201 3992 474330 1463 0 2475 0 0 0
1777987482
cpu0 4956 0 19925 446996 1648 0 7686 0 0 0
cpu1 4437 0 10875 460542 2083 0 4533 0 0 0
cpu2 4265 35 6902 468236 1684 0 3367 0 0 0
cpu3 3535 201 3994 474425 1463 0 2475 0 0 0
1777987483
cpu0 4958 0 19931 447047 1648 0 7690 0 0 0
cpu1 4438 0 10881 460595 2083 0 4536 0 0 0
cpu2 4267 35 6907 468288 1684 0 3370 0 0 0
cpu3 3536 201 3998 474505 1463 0 2475 0 0 0
1777987484
cpu0 4959 0 19938 447106 1648 0 7692 0 0 0
cpu1 4439 0 10886 460655 2083 0 4539 0 0 0
cpu2 4268 35 6914 468348 1684 0 3373 0 0 0
cpu3 3537 201 4003 474587 1463 0 2475 0 0 0
1777987485
cpu0 4960 0 19942 447201 1648 0 7693 0 0 0
cpu1 4439 0 10887 460754 2083 0 4539 0 0 0
cpu2 4269 35 6916 468445 1684 0 3373 0 0 0
cpu3 3538 201 4006 474683 1463 0 2475 0 0 0
1777987486
cpu0 4960 0 19949 447271 1648 0 7696 0 0 0
cpu1 4440 0 10893 460826 2083 0 4541 0 0 0
cpu2 4271 35 6924 468516 1684 0 3376 0 0 0
cpu3 3539 201 4010 474767 1463 0 2476 0 0 0
1777987487
cpu0 4962 0 19958 447313 1648 0 7702 0 0 0
cpu1 4442 0 10901 460875 2083 0 4546 0 0 0
cpu2 4272 35 6933 468560 1684 0 3380 0 0 0
cpu3 3540 201 4015 474840 1463 0 2478 0 0 0
1777987488
cpu0 4964 0 19964 447381 1648 0 7706 0 0 0
cpu1 4442 0 10906 460947 2083 0 4548 0 0 0
cpu2 4273 35 6939 468630 1684 0 3382 0 0 0
cpu3 3541 201 4019 474925 1463 0 2479 0 0 0
1777987489
cpu0 4964 0 19967 447477 1648 0 7706 0 0 0
cpu1 4442 0 10908 461045 2083 0 4548 0 0 0
cpu2 4274 35 6941 468728 1684 0 3382 0 0 0
cpu3 3542 201 4021 475021 1463 0 2479 0 0 0
1777987490
cpu0 4966 0 19976 447528 1648 0 7714 0 0 0
cpu1 4444 0 10919 461095 2083 0 4554 0 0 0
cpu2 4275 35 6950 468780 1684 0 3386 0 0 0
cpu3 3543 201 4026 475094 1463 0 2482 0 0 0
1777987491
cpu0 4968 0 19986 447565 1648 0 7722 0 0 0
cpu1 4446 0 10929 461132 2083 0 4561 0 0 0
cpu2 4277 35 6962 468820 1684 0 3391 0 0 0
cpu3 3544 201 4031 475161 1463 0 2486 0 0 0
1777987492
cpu0 4970 0 19990 447651 1648 0 7725 0 0 0
cpu1 4446 0 10932 461218 2083 0 4563 0 0 0
cpu2 4278 35 6966 468907 1684 0 3392 0 0 0
cpu3 3545 201 4033 475253 1463 0 2486 0 0 0
1777987493
cpu0 4970 0 19995 447739 1648 0 7726 0 0 0
cpu1 4447 0 10936 461307 2083 0 4565 0 0 0
cpu2 4279 35 6971 468995 1684 0 3393 0 0 0
cpu3 3546 201 4035 475348 1463 0 2487 0 0 0
1777987494
cpu0 4974 0 20012 447769 1648 0 7740 0 0 0
cpu1 4451 0 10951 461341 2083 0 4574 0 0 0
cpu2 4282 35 6988 469024 1684 0 3407 0 0 0
cpu3 3547 201 4041 475417 1463 0 2493 0 0 0
1777987495
cpu0 4975 0 20029 447806 1648 0 7752 0 0 0
cpu1 4454 0 10965 461382 2083 0 4583 0 0 0
cpu2 4284 35 7005 469062 1684 0 3418 0 0 0
cpu3 3549 201 4046 475490 1463 0 2497 0 0 0
1777987496
cpu0 4976 0 20031 447903 1648 0 7753 0 0 0
cpu1 4454 0 10967 461480 2083 0 4583 0 0 0
cpu2 4285 35 7007 469160 1684 0 3419 0 0 0
cpu3 3550 201 4049 475587 1463 0 2497 0 0 0
1777987497
cpu0 4978 0 20044 447967 1648 0 7762 0 0 0
cpu1 4456 0 10979 461544 2083 0 4592 0 0 0
cpu2 4287 35 7019 469226 1684 0 3424 0 0 0
cpu3 3550 201 4054 475669 1463 0 2501 0 0 0
1777987498
cpu0 4982 0 20069 447989 1648 0 7780 0 0 0
cpu1 4460 0 11005 461567 2083 0 4608 0 0 0
cpu2 4290 35 7043 469252 1684 0 3439 0 0 0
cpu3 3554 201 4060 475733 1463 0 2509 0 0 0
1777987499
cpu0 4984 0 20084 448044 1648 0 7790 0 0 0
cpu1 4462 0 11018 461624 2083 0 4617 0 0 0
cpu2 4292 35 7056 469311 1684 0 3447 0 0 0
cpu3 3555 201 4064 475813 1463 0 2512 0 0 0
1777987500
cpu0 4985 0 20087 448141 1648 0 7790 0 0 0
cpu1 4462 0 11020 461722 2083 0 4617 0 0 0
cpu2 4293 35 7058 469408 1684 0 3448 0 0 0
cpu3 3556 201 4067 475909 1463 0 2512 0 0 0
1777987502
cpu0 4990 0 20112 448176 1648 0 7806 0 0 0
cpu1 4466 0 11043 461758 2083 0 4632 0 0 0
cpu2 4297 35 7084 469443 1684 0 3465 0 0 0
cpu3 3557 201 4073 475977 1463 0 2523 0 0 0
1777987503
cpu0 4994 0 20140 448195 1648 0 7825 0 0 0
cpu1 4471 0 11070 461779 2083 0 4650 0 0 0
cpu2 4302 35 7112 469460 1684 0 3487 0 0 0
cpu3 3558 201 4079 476038 1463 0 2533 0 0 0
1777987504
cpu0 4996 0 20150 448274 1648 0 7830 0 0 0
cpu1 4472 0 11077 461860 2083 0 4654 0 0 0
cpu2 4304 35 7119 469539 1684 0 3493 0 0 0
cpu3 3559 201 4083 476126 1463 0 2535 0 0 0
1777987505
cpu0 4996 0 20155 448364 1648 0 7832 0 0 0
cpu1 4473 0 11081 461952 2083 0 4656 0 0 0
cpu2 4305 35 7125 469629 1684 0 3495 0 0 0
cpu3 3560 201 4086 476219 1463 0 2536 0 0 0
1777987506
cpu0 5001 0 20192 448378 1648 0 7853 0 0 0
cpu1 4478 0 11117 461966 2083 0 4675 0 0 0
cpu2 4310 35 7165 469640 1684 0 3519 0 0 0
cpu3 3562 201 4093 476275 1463 0 2551 0 0 0
1777987507
cpu0 5006 0 20222 448401 1648 0 7873 0 0 0
cpu1 4483 0 11149 461988 2083 0 4696 0 0 0
cpu2 4314 35 7200 469659 1684 0 3542 0 0 0
cpu3 3563 201 4100 476335 1463 0 2565 0 0 0
1777987508
cpu0 5007 0 20225 448497 1648 0 7873 0 0 0
cpu1 4483 0 11150 462087 2083 0 4696 0 0 0
cpu2 4315 35 7202 469757 1684 0 3542 0 0 0
cpu3 3564 201 4103 476432 1463 0 2565 0 0 0
1777987509
cpu0 5010 0 20244 448555 1648 0 7894 0 0 0
cpu1 4487 0 11174 462145 2083 0 4711 0 0 0
cpu2 4317 35 7222 469817 1684 0 3555 0 0 0
cpu3 3566 201 4109 476511 1463 0 2571 0 0 0
1777987510
cpu0 5016 0 20295 448556 1648 0 7934 0 0 0
cpu1 4494 0 11220 462150 2083 0 4744 0 0 0
cpu2 4323 35 7262 469827 1684 0 3583 0 0 0
cpu3 3568 201 4116 476573 1463 0 2588 0 0 0
1777987511
cpu0 5021 0 20325 448598 1648 0 7955 0 0 0
cpu1 4497 0 11247 462195 2083 0 4762 0 0 0
cpu2 4326 35 7284 469876 1684 0 3596 0 0 0
cpu3 3570 201 4121 476649 1463 0 2595 0 0 0
