1777987304
cpu0 4652 0 18191 434390 1648 0 6604 0 0 0
cpu1 4133 0 9211 447619 2082 0 3826 0 0 0
cpu2 4046 35 5760 454380 1682 0 2747 0 0 0
cpu3 3373 201 3385 459011 1460 0 2088 0 0 0
1777987305
cpu0 4652 0 18193 434488 1648 0 6605 0 0 0
cpu1 4134 0 9213 447716 2082 0 3826 0 0 0
cpu2 4046 35 5762 454478 1682 0 2747 0 0 0
cpu3 3373 201 3388 459108 1460 0 2088 0 0 0
1777987306
cpu0 4652 0 18196 434577 1648 0 6605 0 0 0
cpu1 4134 0 9215 447806 2082 0 3826 0 0 0
cpu2 4047 35 5765 454572 1682 0 2747 0 0 0
cpu3 3374 201 3390 459204 1460 0 2088 0 0 0
1777987307
cpu0 4653 0 18198 434665 1648 0 6606 0 0 0
cpu1 4135 0 9218 447894 2082 0 3827 0 0 0
cpu2 4048 35 5766 454667 1682 0 2747 0 0 0
cpu3 3374 201 3392 459299 1460 0 2088 0 0 0
1777987308
cpu0 4654 0 18201 434761 1648 0 6606 0 0 0
cpu1 4135 0 9221 447989 2082 0 3827 0 0 0
cpu2 4048 35 5769 454764 1682 0 2747 0 0 0
cpu3 3375 201 3394 459395 1460 0 2089 0 0 0
1777987309
cpu0 4655 0 18202 434855 1648 0 6607 0 0 0
cpu1 4136 0 9224 448083 2082 0 3827 0 0 0
cpu2 4049 35 5771 454861 1682 0 2747 0 0 0
cpu3 3375 201 3396 459492 1460 0 2089 0 0 0
1777987310
cpu0 4655 0 18204 434935 1648 0 6607 0 0 0
cpu1 4137 0 9226 448162 2082 0 3828 0 0 0
cpu2 4049 35 5773 454954 1682 0 2748 0 0 0
cpu3 3376 201 3398 459585 1460 0 2089 0 0 0
1777987311
cpu0 4656 0 18207 435017 1648 0 6608 0 0 0
cpu1 4137 0 9229 448245 2082 0 3828 0 0 0
cpu2 4050 35 5775 455047 1682 0 2748 0 0 0
cpu3 3377 201 3401 459678 1460 0 2089 0 0 0
1777987312
cpu0 4657 0 18209 435114 1648 0 6609 0 0 0
cpu1 4138 0 9231 448342 2082 0 3828 0 0 0
cpu2 4051 35 5777 455145 1682 0 2748 0 0 0
cpu3 3377 201 3402 459775 1460 0 2089 0 0 0
1777987313
cpu0 4658 0 18211 435198 1648 0 6609 0 0 0
cpu1 4138 0 9233 448426 2082 0 3828 0 0 0
cpu2 4051 35 5780 455238 1682 0 2748 0 0 0
cpu3 3378 201 3405 459870 1460 0 2089 0 0 0
1777987314
cpu0 4658 0 18214 435268 1648 0 6611 0 0 0
cpu1 4139 0 9236 448497 2082 0 3829 0 0 0
cpu2 4052 35 5782 455327 1682 0 2748 0 0 0
cpu3 3378 201 3408 459961 1460 0 2089 0 0 0
1777987315
cpu0 4659 0 18217 435352 1648 0 6611 0 0 0
cpu1 4139 0 9238 448581 2082 0 3829 0 0 0
cpu2 4052 35 5785 455419 1682 0 2749 0 0 0
cpu3 3380 201 3411 460054 1460 0 2089 0 0 0
1777987316
cpu0 4659 0 18219 435449 1648 0 6611 0 0 0
cpu1 4139 0 9239 448679 2082 0 3830 0 0 0
cpu2 4053 35 5788 455517 1682 0 2749 0 0 0
cpu3 3380 201 3413 460152 1460 0 2089 0 0 0
1777987317
cpu0 4660 0 18222 435518 1648 0 6613 0 0 0
cpu1 4141 0 9242 448748 2082 0 3830 0 0 0
cpu2 4053 35 5791 455604 1682 0 2749 0 0 0
cpu3 3380 201 3415 460240 1460 0 2090 0 0 0
1777987318
cpu0 4661 0 18226 435577 1648 0 6614 0 0 0
cpu1 4142 0 9246 448808 2082 0 3832 0 0 0
cpu2 4055 35 5794 455687 1682 0 2750 0 0 0
cpu3 3382 201 3418 460323 1460 0 2090 0 0 0
1777987319
cpu0 4662 0 18229 435667 1648 0 6615 0 0 0
cpu1 4143 0 9249 448897 2082 0 3832 0 0 0
cpu2 4055 35 5797 455781 1682 0 2750 0 0 0
cpu3 3383 201 3421 460417 1460 0 2090 0 0 0
1777987320
cpu0 4662 0 18230 435760 1648 0 6615 0 0 0
cpu1 4144 0 9251 448990 2082 0 3832 0 0 0
cpu2 4057 35 5801 455876 1682 0 2750 0 0 0
cpu3 3384 201 3424 460513 1460 0 2090 0 0 0
1777987321
cpu0 4664 0 18236 435810 1648 0 6618 0 0 0
cpu1 4145 0 9256 449041 2082 0 3834 0 0 0
cpu2 4058 35 5804 455963 1682 0 2751 0 0 0
cpu3 3384 201 3428 460598 1460 0 2091 0 0 0
1777987322
cpu0 4665 0 18241 435866 1648 0 6623 0 0 0
cpu1 4146 0 9260 449098 2082 0 3836 0 0 0
cpu2 4059 35 5808 456051 1682 0 2751 0 0 0
cpu3 3385 201 3431 460684 1460 0 2091 0 0 0
1777987323
cpu0 4666 0 18242 435963 1648 0 6624 0 0 0
cpu1 4146 0 9262 449196 2082 0 3836 0 0 0
cpu2 4060 35 5810 456148 1682 0 2751 0 0 0
cpu3 3386 201 3434 460780 1460 0 2091 0 0 0
1777987324
cpu0 4666 0 18247 436037 1648 0 6626 0 0 0
cpu1 4146 0 9267 449271 2082 0 3836 0 0 0
cpu2 4060 35 5812 456238 1682 0 2751 0 0 0
cpu3 3387 201 3436 460868 1460 0 2092 0 0 0
1777987325
cpu0 4667 0 18255 436078 1648 0 6630 0 0 0
cpu1 4149 0 9275 449313 2082 0 3838 0 0 0
cpu2 4061 35 5816 456318 1682 0 2752 0 0 0
cpu3 3388 201 3442 460942 1460 0 2094 0 0 0
1777987326
cpu0 4668 0 18261 436143 1648 0 6633 0 0 0
cpu1 4150 0 9282 449380 2082 0 3840 0 0 0
cpu2 4062 35 5819 456405 1682 0 2753 0 0 0
cpu3 3389 201 3446 461026 1460 0 2094 0 0 0
1777987327
cpu0 4668 0 18263 436241 1648 0 6633 0 0 0
cpu1 4150 0 9284 449477 2082 0 3840 0 0 0
cpu2 4062 35 5822 456503 1682 0 2753 0 0 0
cpu3 3389 201 3448 461123 1460 0 2094 0 0 0
1777987328
cpu0 4670 0 18273 436291 1648 0 6640 0 0 0
cpu1 4152 0 9295 449526 2082 0 3845 0 0 0
cpu2 4063 35 5825 456584 1682 0 2755 0 0 0
cpu3 3390 201 3451 461206 1460 0 2096 0 0 0
1777987329
cpu0 4673 0 18287 436323 1648 0 6649 0 0 0
cpu1 4155 0 9308 449557 2082 0 3850 0 0 0
cpu2 4065 35 5829 456660 1682 0 2758 0 0 0
cpu3 3391 201 3455 461282 1460 0 2098 0 0 0
1777987330
cpu0 4674 0 18293 436404 1648 0 6651 0 0 0
cpu1 4156 0 9314 449639 2082 0 3852 0 0 0
cpu2 4066 35 5834 456751 1682 0 2759 0 0 0
cpu3 3391 201 3459 461373 1460 0 2099 0 0 0
1777987331
cpu0 4674 0 18295 436498 1648 0 6652 0 0 0
cpu1 4157 0 9315 449733 2082 0 3852 0 0 0
cpu2 4066 35 5836 456847 1682 0 2759 0 0 0
cpu3 3392 201 3462 461468 1460 0 2100 0 0 0
1777987332
cpu0 4678 0 18316 436522 1648 0 6666 0 0 0
cpu1 4161 0 9337 449757 2082 0 3859 0 0 0
cpu2 4067 35 5841 456918 1682 0 2763 0 0 0
cpu3 3393 201 3467 461536 1460 0 2105 0 0 0
1777987333
cpu0 4682 0 18336 436550 1648 0 6677 0 0 0
cpu1 4164 0 9360 449786 2082 0 3865 0 0 0
cpu2 4068 35 5845 456992 1682 0 2766 0 0 0
cpu3 3394 201 3472 461605 1460 0 2109 0 0 0
1777987334
cpu0 4682 0 18338 436648 1648 0 6677 0 0 0
cpu1 4165 0 9361 449885 2082 0 3865 0 0 0
cpu2 4069 35 5848 457089 1682 0 2766 0 0 0
cpu3 3395 201 3475 461702 1460 0 2109 0 0 0
1777987335
cpu0 4685 0 18353 436715 1648 0 6685 0 0 0
cpu1 4167 0 9375 449952 2083 0 3868 0 0 0
cpu2 4070 35 5852 457174 1682 0 2767 0 0 0
cpu3 3396 201 3478 461786 1460 0 2112 0 0 0
1777987336
cpu0 4691 0 18388 436729 1648 0 6705 0 0 0
cpu1 4171 0 9410 449971 2083 0 3878 0 0 0
cpu2 4070 35 5857 457241 1682 0 2774 0 0 0
cpu3 3397 201 3483 461849 1460 0 2119 0 0 0
1777987337
cpu0 4695 0 18410 436774 1648 0 6718 0 0 0
cpu1 4175 0 9434 450019 2083 0 3883 0 0 0
cpu2 4072 35 5861 457318 1682 0 2778 0 0 0
cpu3 3398 201 3488 461924 1460 0 2124 0 0 0
1777987338
cpu0 4695 0 18412 436872 1648 0 6719 0 0 0
cpu1 4175 0 9436 450118 2083 0 3883 0 0 0
cpu2 4073 35 5864 457414 1682 0 2778 0 0 0
cpu3 3399 201 3491 462020 1460 0 2124 0 0 0
1777987339
cpu0 4700 0 18447 436907 1648 0 6737 0 0 0
cpu1 4179 0 9469 450154 2083 0 3900 0 0 0
cpu2 4074 35 5868 457495 1682 0 2781 0 0 0
cpu3 3400 201 3495 462099 1460 0 2127 0 0 0
1777987340
cpu0 4708 0 18499 436911 1648 0 6769 0 0 0
cpu1 4185 0 9528 450157 2083 0 3928 0 0 0
cpu2 4075 35 5873 457565 1682 0 2789 0 0 0
cpu3 3402 201 3500 462168 1460 0 2136 0 0 0
1777987341
cpu0 4711 0 18515 436980 1648 0 6779 0 0 0
cpu1 4188 0 9546 450227 2083 0 3937 0 0 0
cpu2 4077 35 5878 457652 1682 0 2791 0 0 0
cpu3 3403 201 3505 462255 1460 0 2139 0 0 0
1777987342
cpu0 4711 0 18519 437076 1648 0 6780 0 0 0
cpu1 4188 0 9549 450324 2083 0 3937 0 0 0
cpu2 4078 35 5880 457748 1682 0 2792 0 0 0
cpu3 3403 201 3507 462352 1460 0 2139 0 0 0
1777987343
cpu0 4720 0 18575 437078 1648 0 6810 0 0 0
cpu1 4197 0 9612 450327 2083 0 3960 0 0 0
cpu2 4080 35 5887 457810 1682 0 2804 0 0 0
cpu3 3407 201 3513 462411 1460 0 2152 0 0 0
1777987344
cpu0 4726 0 18629 437084 1648 0 6837 0 0 0
cpu1 4204 0 9673 450334 2083 0 3980 0 0 0
cpu2 4081 35 5893 457875 1682 0 2813 0 0 0
cpu3 3408 201 3517 462475 1460 0 2165 0 0 0
1777987345
cpu0 4727 0 18630 437182 1648 0 6838 0 0 0
cpu1 4204 0 9674 450431 2083 0 3980 0 0 0
cpu2 4082 35 5897 457971 1682 0 2813 0 0 0
cpu3 3409 201 3519 462572 1460 0 2165 0 0 0
1777987346
cpu0 4730 0 18650 437247 1648 0 6850 0 0 0
cpu1 4208 0 9696 450497 2083 0 3991 0 0 0
cpu2 4083 35 5901 458060 1682 0 2817 0 0 0
cpu3 3409 201 3522 462658 1460 0 2170 0 0 0
1777987347
cpu0 4738 0 18708 437247 1648 0 6885 0 0 0
cpu1 4215 0 9761 450497 2083 0 4019 0 0 0
cpu2 4084 35 5907 458132 1682 0 2824 0 0 0
cpu3 3410 201 3528 462717 1460 0 2185 0 0 0
1777987348
cpu0 4742 0 18747 437281 1648 0 6908 0 0 0
cpu1 4220 0 9802 450531 2083 0 4040 0 0 0
cpu2 4086 35 5913 458210 1683 0 2831 0 0 0
cpu3 3412 201 3534 462789 1460 0 2194 0 0 0
1777987349
cpu0 4743 0 18749 437380 1648 0 6909 0 0 0
cpu1 4220 0 9803 450630 2083 0 4040 0 0 0
cpu2 4087 35 5916 458306 1683 0 2831 0 0 0
cpu3 3413 201 3536 462885 1460 0 2194 0 0 0
1777987350
cpu0 4748 0 18788 437413 1648 0 6931 0 0 0
cpu1 4226 0 9849 450663 2083 0 4055 0 0 0
cpu2 4088 35 5920 458383 1683 0 2839 0 0 0
cpu3 3414 201 3540 462950 1460 0 2208 0 0 0
1777987351
cpu0 4756 0 18846 437413 1648 0 6966 0 0 0
cpu1 4235 0 9922 450663 2083 0 4074 0 0 0
cpu2 4089 35 5925 458450 1683 0 2851 0 0 0
cpu3 3415 201 3545 462999 1460 0 2230 0 0 0
1777987352
cpu0 4758 0 18866 437480 1648 0 6977 0 0 0
cpu1 4237 0 9946 450730 2083 0 4081 0 0 0
cpu2 4091 35 5929 458536 1683 0 2858 0 0 0
cpu3 3417 201 3548 463079 1460 0 2240 0 0 0
