1777987145
cpu0 4294 0 15716 424029 1646 0 5554 0 0 0
cpu1 3857 0 7613 435763 2081 0 3191 0 0 0
cpu2 3900 35 5311 440412 1680 0 2444 0 0 0
cpu3 3244 201 2914 445094 1459 0 1789 0 0 0
1777987146
cpu0 4294 0 15717 424127 1646 0 5554 0 0 0
cpu1 3857 0 7615 435861 2081 0 3191 0 0 0
cpu2 3901 35 5313 440509 1680 0 2444 0 0 0
cpu3 3245 201 2916 445191 1459 0 1789 0 0 0
1777987147
cpu0 4295 0 15719 424217 1646 0 5554 0 0 0
cpu1 3858 0 7617 435957 2081 0 3191 0 0 0
cpu2 3901 35 5315 440606 1680 0 2444 0 0 0
cpu3 3246 201 2919 445286 1459 0 1789 0 0 0
1777987148
cpu0 4296 0 15721 424303 1646 0 5555 0 0 0
cpu1 3858 0 7619 436052 2081 0 3191 0 0 0
cpu2 3901 35 5317 440702 1680 0 2444 0 0 0
cpu3 3247 201 2921 445381 1459 0 1789 0 0 0
1777987149
cpu0 4297 0 15724 424395 1646 0 5555 0 0 0
cpu1 3859 0 7621 436150 2081 0 3191 0 0 0
cpu2 3902 35 5319 440799 1680 0 2444 0 0 0
cpu3 3248 201 2924 445477 1459 0 1789 0 0 0
1777987150
cpu0 4297 0 15726 424493 1646 0 5555 0 0 0
cpu1 3859 0 7622 436248 2081 0 3191 0 0 0
cpu2 3902 35 5321 440896 1680 0 2444 0 0 0
cpu3 3248 201 2926 445575 1459 0 1789 0 0 0
1777987151
cpu0 4298 0 15728 424568 1646 0 5556 0 0 0
cpu1 3860 0 7625 436341 2081 0 3192 0 0 0
cpu2 3902 35 5324 440989 1680 0 2444 0 0 0
cpu3 3249 201 2928 445668 1459 0 1789 0 0 0
1777987152
cpu0 4298 0 15730 424640 1646 0 5556 0 0 0
cpu1 3861 0 7627 436433 2081 0 3192 0 0 0
cpu2 3903 35 5326 441082 1680 0 2444 0 0 0
cpu3 3250 201 2929 445760 1459 0 1789 0 0 0
1777987153
cpu0 4298 0 15733 424735 1646 0 5557 0 0 0
cpu1 3861 0 7630 436530 2081 0 3192 0 0 0
cpu2 3903 35 5328 441178 1680 0 2444 0 0 0
cpu3 3250 201 2931 445857 1459 0 1789 0 0 0
1777987154
cpu0 4299 0 15735 424823 1646 0 5557 0 0 0
cpu1 3862 0 7632 436626 2081 0 3192 0 0 0
cpu2 3904 35 5330 441274 1680 0 2444 0 0 0
cpu3 3250 201 2933 445954 1459 0 1789 0 0 0
1777987155
cpu0 4299 0 15737 424881 1646 0 5558 0 0 0
cpu1 3862 0 7634 436718 2081 0 3192 0 0 0
cpu2 3904 35 5333 441365 1680 0 2444 0 0 0
cpu3 3251 201 2936 446043 1459 0 1789 0 0 0
1777987156
cpu0 4299 0 15740 424947 1646 0 5560 0 0 0
cpu1 3863 0 7637 436810 2081 0 3192 0 0 0
cpu2 3904 35 5335 441457 1680 0 2444 0 0 0
cpu3 3252 201 2940 446133 1459 0 1789 0 0 0
1777987157
cpu0 4300 0 15741 425045 1646 0 5560 0 0 0
cpu1 3863 0 7639 436908 2081 0 3192 0 0 0
cpu2 3905 35 5337 441554 1680 0 2444 0 0 0
cpu3 3252 201 2942 446230 1459 0 1789 0 0 0
1777987158
cpu0 4301 0 15744 425115 1646 0 5560 0 0 0
cpu1 3865 0 7641 436998 2081 0 3192 0 0 0
cpu2 3906 35 5340 441646 1680 0 2444 0 0 0
cpu3 3254 201 2944 446322 1459 0 1789 0 0 0
1777987159
cpu0 4302 0 15750 425159 1646 0 5561 0 0 0
cpu1 3866 0 7644 437081 2081 0 3193 0 0 0
cpu2 3907 35 5342 441733 1680 0 2445 0 0 0
cpu3 3254 201 2947 446409 1459 0 1789 0 0 0
1777987160
cpu0 4303 0 15754 425232 1646 0 5562 0 0 0
cpu1 3867 0 7648 437172 2081 0 3193 0 0 0
cpu2 3907 35 5345 441826 1680 0 2445 0 0 0
cpu3 3255 201 2950 446501 1459 0 1790 0 0 0
1777987161
cpu0 4304 0 15756 425330 1646 0 5562 0 0 0
cpu1 3867 0 7650 437270 2081 0 3193 0 0 0
cpu2 3908 35 5346 441924 1680 0 2445 0 0 0
cpu3 3255 201 2952 446600 1459 0 1790 0 0 0
1777987162
cpu0 4306 0 15767 425370 1646 0 5565 0 0 0
cpu1 3868 0 7653 437355 2081 0 3194 0 0 0
cpu2 3909 35 5349 442006 1680 0 2445 0 0 0
cpu3 3256 201 2956 446686 1459 0 1790 0 0 0
1777987163
cpu0 4308 0 15780 425400 1646 0 5567 0 0 0
cpu1 3869 0 7656 437438 2081 0 3195 0 0 0
cpu2 3910 35 5352 442086 1680 0 2447 0 0 0
cpu3 3257 201 2960 446771 1459 0 1790 0 0 0
1777987164
cpu0 4309 0 15785 425487 1646 0 5568 0 0 0
cpu1 3869 0 7658 437534 2081 0 3195 0 0 0
cpu2 3911 35 5354 442181 1680 0 2447 0 0 0
cpu3 3257 201 2963 446865 1459 0 1791 0 0 0
1777987165
cpu0 4310 0 15792 425572 1646 0 5568 0 0 0
cpu1 3869 0 7661 437629 2081 0 3196 0 0 0
cpu2 3911 35 5356 442276 1680 0 2447 0 0 0
cpu3 3257 201 2965 446961 1459 0 1791 0 0 0
1777987166
cpu0 4315 0 15824 425587 1646 0 5575 0 0 0
cpu1 3870 0 7664 437709 2081 0 3197 0 0 0
cpu2 3912 35 5359 442353 1680 0 2449 0 0 0
cpu3 3258 201 2968 447041 1459 0 1793 0 0 0
1777987167
cpu0 4318 0 15849 425617 1646 0 5582 0 0 0
cpu1 3872 0 7668 437793 2081 0 3199 0 0 0
cpu2 3913 35 5361 442435 1680 0 2451 0 0 0
cpu3 3259 201 2972 447125 1459 0 1794 0 0 0
1777987168
cpu0 4318 0 15850 425715 1646 0 5582 0 0 0
cpu1 3872 0 7671 437890 2081 0 3199 0 0 0
cpu2 3913 35 5363 442532 1680 0 2451 0 0 0
cpu3 3260 201 2974 447222 1459 0 1794 0 0 0
1777987169
cpu0 4322 0 15881 425768 1646 0 5587 0 0 0
cpu1 3873 0 7673 437976 2081 0 3201 0 0 0
cpu2 3914 35 5365 442621 1680 0 2452 0 0 0
cpu3 3260 201 2977 447311 1459 0 1795 0 0 0
1777987170
cpu0 4330 0 15937 425774 1646 0 5595 0 0 0
cpu1 3874 0 7677 438049 2081 0 3205 0 0 0
cpu2 3915 35 5367 442700 1680 0 2455 0 0 0
cpu3 3262 201 2981 447389 1459 0 1797 0 0 0
1777987171
cpu0 4334 0 15968 425824 1646 0 5599 0 0 0
cpu1 3874 0 7681 438133 2081 0 3208 0 0 0
cpu2 3915 35 5370 442788 1680 0 2457 0 0 0
cpu3 3263 201 2985 447476 1459 0 1800 0 0 0
1777987172
cpu0 4334 0 15969 425923 1646 0 5599 0 0 0
cpu1 3875 0 7683 438230 2081 0 3208 0 0 0
cpu2 3916 35 5372 442886 1680 0 2457 0 0 0
cpu3 3263 201 2986 447574 1459 0 1800 0 0 0
1777987173
cpu0 4341 0 16025 425944 1646 0 5615 0 0 0
cpu1 3876 0 7685 438314 2081 0 3210 0 0 0
cpu2 3917 35 5374 442965 1681 0 2462 0 0 0
cpu3 3264 201 2990 447652 1459 0 1804 0 0 0
1777987174
cpu0 4351 0 16098 425944 1646 0 5634 0 0 0
cpu1 3877 0 7689 438396 2081 0 3212 0 0 0
cpu2 3918 35 5375 443042 1681 0 2468 0 0 0
cpu3 3265 201 2994 447727 1459 0 1808 0 0 0
1777987175
cpu0 4353 0 16113 426022 1646 0 5639 0 0 0
cpu1 3877 0 7691 438490 2081 0 3214 0 0 0
cpu2 3918 35 5378 443135 1681 0 2469 0 0 0
cpu3 3265 201 2997 447819 1459 0 1810 0 0 0
1777987176
cpu0 4355 0 16123 426110 1646 0 5640 0 0 0
cpu1 3878 0 7694 438585 2081 0 3214 0 0 0
cpu2 3918 35 5379 443231 1681 0 2469 0 0 0
cpu3 3266 201 2998 447914 1459 0 1811 0 0 0
1777987177
cpu0 4365 0 16199 426110 1646 0 5655 0 0 0
cpu1 3879 0 7697 438656 2081 0 3220 0 0 0
cpu2 3919 35 5381 443311 1681 0 2473 0 0 0
cpu3 3267 201 3002 447981 1459 0 1822 0 0 0
1777987178
cpu0 4373 0 16267 426120 1646 0 5667 0 0 0
cpu1 3880 0 7700 438731 2081 0 3225 0 0 0
cpu2 3919 35 5383 443392 1681 0 2479 0 0 0
cpu3 3268 201 3006 448052 1459 0 1832 0 0 0
1777987179
cpu0 4374 0 16268 426219 1646 0 5668 0 0 0
cpu1 3880 0 7702 438828 2081 0 3225 0 0 0
cpu2 3920 35 5385 443489 1681 0 2479 0 0 0
cpu3 3268 201 3008 448150 1459 0 1832 0 0 0
1777987180
cpu0 4379 0 16300 426275 1646 0 5676 0 0 0
cpu1 3881 0 7704 438917 2081 0 3227 0 0 0
cpu2 3920 35 5387 443579 1681 0 2480 0 0 0
cpu3 3269 201 3010 448236 1459 0 1833 0 0 0
1777987181
cpu0 4387 0 16376 426275 1646 0 5692 0 0 0
cpu1 3881 0 7708 438991 2081 0 3234 0 0 0
cpu2 3921 35 5390 443658 1681 0 2486 0 0 0
cpu3 3270 201 3014 448306 1459 0 1841 0 0 0
1777987182
cpu0 4392 0 16417 426318 1646 0 5703 0 0 0
cpu1 3883 0 7711 439075 2081 0 3238 0 0 0
cpu2 3922 35 5392 443746 1681 0 2490 0 0 0
cpu3 3270 201 3018 448388 1459 0 1845 0 0 0
1777987183
cpu0 4393 0 16419 426416 1646 0 5703 0 0 0
cpu1 3883 0 7713 439172 2081 0 3238 0 0 0
cpu2 3923 35 5394 443843 1681 0 2490 0 0 0
cpu3 3271 201 3020 448485 1459 0 1845 0 0 0
1777987184
cpu0 4398 0 16471 426442 1646 0 5721 0 0 0
cpu1 3884 0 7717 439254 2081 0 3241 0 0 0
cpu2 3923 35 5395 443928 1681 0 2494 0 0 0
cpu3 3272 201 3023 448569 1459 0 1848 0 0 0
1777987185
cpu0 4407 0 16538 426442 1646 0 5746 0 0 0
cpu1 3885 0 7721 439332 2081 0 3247 0 0 0
cpu2 3923 35 5397 444010 1681 0 2500 0 0 0
cpu3 3274 201 3026 448648 1459 0 1852 0 0 0
1777987186
cpu0 4409 0 16558 426515 1646 0 5751 0 0 0
cpu1 3885 0 7722 439425 2081 0 3248 0 0 0
cpu2 3923 35 5399 444104 1681 0 2502 0 0 0
cpu3 3274 201 3029 448741 1459 0 1853 0 0 0
1777987187
cpu0 4409 0 16564 426608 1646 0 5752 0 0 0
cpu1 3886 0 7724 439522 2081 0 3248 0 0 0
cpu2 3924 35 5402 444200 1681 0 2502 0 0 0
cpu3 3275 201 3030 448837 1459 0 1854 0 0 0
1777987188
cpu0 4417 0 16632 426608 1646 0 5776 0 0 0
cpu1 3887 0 7727 439598 2081 0 3254 0 0 0
cpu2 3925 35 5404 444279 1681 0 2507 0 0 0
cpu3 3276 201 3036 448913 1459 0 1858 0 0 0
1777987189
cpu0 4424 0 16697 426614 1646 0 5798 0 0 0
cpu1 3888 0 7730 439677 2081 0 3259 0 0 0
cpu2 3926 35 5406 444361 1681 0 2511 0 0 0
cpu3 3277 201 3039 448993 1459 0 1863 0 0 0
1777987190
cpu0 4425 0 16698 426712 1646 0 5798 0 0 0
cpu1 3889 0 7732 439774 2081 0 3259 0 0 0
cpu2 3927 35 5407 444458 1681 0 2512 0 0 0
cpu3 3277 201 3042 449090 1459 0 1863 0 0 0
1777987191
cpu0 4428 0 16722 426774 1646 0 5809 0 0 0
cpu1 3889 0 7735 439866 2081 0 3259 0 0 0
cpu2 3927 35 5409 444551 1681 0 2512 0 0 0
cpu3 3277 201 3044 449181 1459 0 1865 0 0 0
1777987192
cpu0 4436 0 16789 426774 1646 0 5835 0 0 0
cpu1 3890 0 7739 439945 2081 0 3263 0 0 0
cpu2 3928 35 5411 444635 1681 0 2515 0 0 0
cpu3 3278 201 3048 449260 1459 0 1869 0 0 0
1777987193
cpu0 4440 0 16832 426811 1646 0 5851 0 0 0
cpu1 3891 0 7743 440030 2081 0 3266 0 0 0
cpu2 3928 35 5413 444724 1681 0 2518 0 0 0
cpu3 3279 201 3052 449344 1459 0 1872 0 0 0
