1777986073
cpu0 2251 0 1281 348632 1642 0 175 0 0 0
cpu1 2758 0 1251 347547 2073 0 95 0 0 0
cpu2 3079 35 1289 347719 1671 0 59 0 0 0
cpu3 2599 201 1275 348205 1452 0 88 0 0 0
1777986074
cpu0 2251 0 1281 348732 1642 0 175 0 0 0
cpu1 2758 0 1251 347647 2073 0 95 0 0 0
cpu2 3079 35 1289 347819 1671 0 59 0 0 0
cpu3 2599 201 1275 348305 1452 0 88 0 0 0
1777986076
cpu0 2251 0 1282 348825 1642 0 175 0 0 0
cpu1 2758 0 1251 347746 2073 0 96 0 0 0
cpu2 3080 35 1289 347918 1671 0 59 0 0 0
cpu3 2599 201 1275 348404 1452 0 89 0 0 0
1777986077
cpu0 2251 0 1283 348913 1642 0 176 0 0 0
cpu1 2759 0 1251 347843 2073 0 96 0 0 0
cpu2 3080 35 1290 348014 1671 0 59 0 0 0
cpu3 2599 201 1276 348501 1452 0 89 0 0 0
1777986078
cpu0 2251 0 1283 349009 1642 0 176 0 0 0
cpu1 2759 0 1251 347942 2073 0 96 0 0 0
cpu2 3080 35 1290 348114 1671 0 59 0 0 0
cpu3 2600 201 1276 348600 1452 0 89 0 0 0
1777986079
cpu0 2251 0 1284 349108 1642 0 176 0 0 0
cpu1 2759 0 1251 348042 2073 0 96 0 0 0
cpu2 3080 35 1290 348214 1671 0 59 0 0 0
cpu3 2600 201 1276 348700 1452 0 89 0 0 0
1777986080
cpu0 2251 0 1285 349186 1642 0 177 0 0 0
cpu1 2759 0 1251 348138 2073 0 96 0 0 0
cpu2 3080 35 1290 348310 1671 0 59 0 0 0
cpu3 2600 201 1276 348796 1452 0 89 0 0 0
1777986081
cpu0 2252 0 1285 349264 1642 0 177 0 0 0
cpu1 2759 0 1252 348233 2073 0 96 0 0 0
cpu2 3081 35 1290 348406 1671 0 59 0 0 0
cpu3 2601 201 1277 348890 1452 0 89 0 0 0
1777986082
cpu0 2252 0 1286 349361 1642 0 177 0 0 0
cpu1 2759 0 1252 348333 2073 0 96 0 0 0
cpu2 3081 35 1290 348506 1671 0 59 0 0 0
cpu3 2601 201 1277 348990 1452 0 89 0 0 0
1777986083
cpu0 2252 0 1286 349452 1642 0 178 0 0 0
cpu1 2759 0 1252 348431 2073 0 96 0 0 0
cpu2 3081 35 1290 348603 1672 0 59 0 0 0
cpu3 2601 201 1277 349087 1452 0 89 0 0 0
1777986084
cpu0 2253 0 1287 349516 1642 0 178 0 0 0
cpu1 2759 0 1253 348523 2073 0 96 0 0 0
cpu2 3081 35 1290 348697 1672 0 59 0 0 0
cpu3 2601 201 1278 349180 1452 0 89 0 0 0
1777986085
cpu0 2253 0 1287 349589 1642 0 179 0 0 0
cpu1 2760 0 1253 348617 2073 0 96 0 0 0
cpu2 3082 35 1290 348792 1672 0 59 0 0 0
cpu3 2602 201 1278 349274 1452 0 89 0 0 0
1777986086
cpu0 2253 0 1287 349689 1642 0 179 0 0 0
cpu1 2760 0 1253 348717 2073 0 96 0 0 0
cpu2 3082 35 1290 348892 1672 0 59 0 0 0
cpu3 2602 201 1278 349374 1452 0 89 0 0 0
1777986087
cpu0 2254 0 1289 349763 1642 0 179 0 0 0
cpu1 2760 0 1253 348812 2073 0 96 0 0 0
cpu2 3082 35 1291 348986 1672 0 59 0 0 0
cpu3 2602 201 1279 349468 1452 0 89 0 0 0
1777986088
cpu0 2254 0 1291 349815 1642 0 180 0 0 0
cpu1 2761 0 1254 348902 2073 0 97 0 0 0
cpu2 3083 35 1291 349077 1672 0 59 0 0 0
cpu3 2602 201 1279 349559 1452 0 89 0 0 0
1777986089
cpu0 2255 0 1292 349892 1642 0 180 0 0 0
cpu1 2761 0 1254 348997 2073 0 97 0 0 0
cpu2 3083 35 1292 349173 1672 0 59 0 0 0
cpu3 2603 201 1279 349654 1452 0 89 0 0 0
1777986090
cpu0 2255 0 1292 349992 1642 0 180 0 0 0
cpu1 2761 0 1254 349097 2073 0 97 0 0 0
cpu2 3083 35 1292 349273 1672 0 59 0 0 0
cpu3 2603 201 1280 349754 1452 0 89 0 0 0
1777986091
cpu0 2256 0 1299 350040 1642 0 182 0 0 0
cpu1 2762 0 1254 349186 2073 0 97 0 0 0
cpu2 3084 35 1293 349361 1672 0 60 0 0 0
cpu3 2603 201 1280 349845 1452 0 89 0 0 0
1777986092
cpu0 2257 0 1307 350080 1642 0 184 0 0 0
cpu1 2762 0 1255 349274 2073 0 97 0 0 0
cpu2 3084 35 1293 349447 1672 0 60 0 0 0
cpu3 2603 201 1280 349935 1452 0 89 0 0 0
1777986093
cpu0 2257 0 1308 350171 1642 0 184 0 0 0
cpu1 2762 0 1255 349372 2073 0 97 0 0 0
cpu2 3084 35 1293 349545 1672 0 60 0 0 0
cpu3 2603 201 1280 350034 1452 0 89 0 0 0
1777986094
cpu0 2258 0 1312 350258 1642 0 185 0 0 0
cpu1 2762 0 1256 349470 2073 0 97 0 0 0
cpu2 3084 35 1293 349643 1672 0 60 0 0 0
cpu3 2604 201 1280 350131 1452 0 90 0 0 0
1777986095
cpu0 2261 0 1330 350281 1642 0 194 0 0 0
cpu1 2763 0 1256 349559 2073 0 98 0 0 0
cpu2 3085 35 1294 349731 1672 0 61 0 0 0
cpu3 2604 201 1281 350217 1452 0 90 0 0 0
1777986096
cpu0 2264 0 1350 350317 1642 0 202 0 0 0
cpu1 2763 0 1256 349651 2073 0 98 0 0 0
cpu2 3085 35 1294 349822 1672 0 62 0 0 0
cpu3 2605 201 1281 350305 1452 0 91 0 0 0
1777986097
cpu0 2265 0 1350 350416 1642 0 202 0 0 0
cpu1 2763 0 1257 349750 2073 0 98 0 0 0
cpu2 3085 35 1294 349921 1672 0 62 0 0 0
cpu3 2605 201 1282 350404 1452 0 91 0 0 0
1777986098
cpu0 2267 0 1373 350472 1642 0 208 0 0 0
cpu1 2763 0 1257 349845 2073 0 99 0 0 0
cpu2 3085 35 1294 350013 1672 0 62 0 0 0
cpu3 2605 201 1282 350495 1452 0 91 0 0 0
1777986099
cpu0 2273 0 1415 350484 1642 0 221 0 0 0
cpu1 2763 0 1257 349935 2073 0 100 0 0 0
cpu2 3085 35 1294 350098 1672 0 64 0 0 0
cpu3 2606 201 1283 350576 1452 0 94 0 0 0
1777986100
cpu0 2276 0 1439 350537 1642 0 228 0 0 0
cpu1 2763 0 1257 350030 2073 0 100 0 0 0
cpu2 3085 35 1294 350190 1672 0 65 0 0 0
cpu3 2606 201 1283 350666 1452 0 94 0 0 0
1777986101
cpu0 2276 0 1439 350637 1642 0 228 0 0 0
cpu1 2763 0 1257 350130 2073 0 100 0 0 0
cpu2 3085 35 1295 350290 1672 0 65 0 0 0
cpu3 2606 201 1284 350765 1452 0 94 0 0 0
1777986102
cpu0 2283 0 1494 350658 1642 0 245 0 0 0
cpu1 2763 0 1257 350212 2073 0 102 0 0 0
cpu2 3086 35 1295 350373 1672 0 68 0 0 0
cpu3 2606 201 1284 350855 1452 0 95 0 0 0
1777986103
cpu0 2290 0 1568 350658 1642 0 265 0 0 0
cpu1 2764 0 1257 350290 2073 0 105 0 0 0
cpu2 3086 35 1296 350452 1672 0 73 0 0 0
cpu3 2607 201 1285 350943 1452 0 97 0 0 0
1777986104
cpu0 2292 0 1582 350738 1642 0 270 0 0 0
cpu1 2764 0 1258 350385 2073 0 107 0 0 0
cpu2 3086 35 1296 350547 1672 0 74 0 0 0
cpu3 2607 201 1285 351041 1452 0 98 0 0 0
1777986105
cpu0 2293 0 1590 350827 1642 0 271 0 0 0
cpu1 2764 0 1258 350483 2073 0 107 0 0 0
cpu2 3086 35 1296 350645 1672 0 74 0 0 0
cpu3 2607 201 1285 351139 1452 0 99 0 0 0
1777986106
cpu0 2301 0 1664 350827 1642 0 290 0 0 0
cpu1 2764 0 1259 350567 2073 0 111 0 0 0
cpu2 3087 35 1296 350723 1672 0 80 0 0 0
cpu3 2608 201 1285 351217 1452 0 102 0 0 0
1777986107
cpu0 2309 0 1727 350838 1642 0 307 0 0 0
cpu1 2765 0 1260 350651 2073 0 114 0 0 0
cpu2 3087 35 1296 350804 1672 0 84 0 0 0
cpu3 2608 201 1286 351298 1452 0 107 0 0 0
1777986108
cpu0 2309 0 1727 350938 1642 0 307 0 0 0
cpu1 2765 0 1260 350751 2073 0 114 0 0 0
cpu2 3087 35 1297 350904 1672 0 84 0 0 0
cpu3 2608 201 1286 351398 1452 0 107 0 0 0
1777986109
cpu0 2313 0 1756 350997 1642 0 317 0 0 0
cpu1 2765 0 1260 350845 2073 0 114 0 0 0
cpu2 3088 35 1297 350996 1672 0 86 0 0 0
cpu3 2608 201 1287 351491 1452 0 107 0 0 0
1777986110
cpu0 2320 0 1825 350997 1642 0 342 0 0 0
cpu1 2766 0 1261 350931 2073 0 115 0 0 0
cpu2 3088 35 1297 351077 1672 0 90 0 0 0
cpu3 2608 201 1287 351576 1452 0 109 0 0 0
1777986111
cpu0 2327 0 1863 351039 1642 0 355 0 0 0
cpu1 2766 0 1261 351023 2073 0 118 0 0 0
cpu2 3088 35 1298 351166 1672 0 93 0 0 0
cpu3 2608 201 1287 351668 1452 0 111 0 0 0
1777986112
cpu0 2327 0 1863 351139 1642 0 355 0 0 0
cpu1 2766 0 1262 351123 2073 0 118 0 0 0
cpu2 3088 35 1298 351266 1672 0 93 0 0 0
cpu3 2608 201 1287 351768 1452 0 111 0 0 0
1777986113
cpu0 2332 0 1916 351166 1642 0 370 0 0 0
cpu1 2766 0 1262 351211 2073 0 120 0 0 0
cpu2 3089 35 1298 351353 1672 0 94 0 0 0
cpu3 2609 201 1288 351854 1452 0 112 0 0 0
1777986114
cpu0 2340 0 1984 351166 1642 0 394 0 0 0
cpu1 2767 0 1262 351296 2073 0 122 0 0 0
cpu2 3089 35 1298 351437 1672 0 98 0 0 0
cpu3 2609 201 1288 351937 1452 0 116 0 0 0
1777986115
cpu0 2343 0 2003 351239 1642 0 400 0 0 0
cpu1 2767 0 1262 351392 2073 0 123 0 0 0
cpu2 3089 35 1299 351532 1672 0 99 0 0 0
cpu3 2609 201 1289 352032 1452 0 117 0 0 0
1777986116
cpu0 2343 0 2006 351335 1642 0 401 0 0 0
cpu1 2767 0 1262 351491 2073 0 123 0 0 0
cpu2 3089 35 1299 351631 1672 0 99 0 0 0
cpu3 2609 201 1289 352131 1452 0 117 0 0 0
1777986117
cpu0 2350 0 2076 351335 1642 0 425 0 0 0
cpu1 2768 0 1264 351574 2073 0 128 0 0 0
cpu2 3089 35 1299 351714 1672 0 105 0 0 0
cpu3 2610 201 1290 352220 1452 0 120 0 0 0
1777986118
cpu0 2357 0 2140 351340 1642 0 451 0 0 0
cpu1 2768 0 1264 351658 2073 0 131 0 0 0
cpu2 3090 35 1299 351799 1672 0 108 0 0 0
cpu3 2610 201 1290 352310 1452 0 121 0 0 0
1777986119
cpu0 2357 0 2140 351440 1642 0 451 0 0 0
cpu1 2768 0 1265 351757 2073 0 131 0 0 0
cpu2 3090 35 1300 351899 1672 0 108 0 0 0
cpu3 2610 201 1290 352410 1452 0 121 0 0 0
1777986120
cpu0 2360 0 2166 351504 1642 0 458 0 0 0
cpu1 2769 0 1265 351851 2073 0 132 0 0 0
cpu2 3090 35 1300 351991 1672 0 109 0 0 0
cpu3 2610 201 1290 352502 1452 0 122 0 0 0
1777986121
cpu0 2366 0 2241 351504 1642 0 478 0 0 0
cpu1 2770 0 1266 351932 2073 0 136 0 0 0
cpu2 3091 35 1300 352071 1672 0 112 0 0 0
cpu3 2611 201 1290 352580 1452 0 126 0 0 0
1777986122
cpu0 2372 0 2287 351541 1642 0 489 0 0 0
cpu1 2770 0 1266 352021 2073 0 139 0 0 0
cpu2 3091 35 1301 352158 1672 0 115 0 0 0
cpu3 2611 201 1290 352667 1452 0 130 0 0 0
