1777987358
cpu0 4764 0 18877 438053 1648 0 6978 0 0 0
cpu1 4242 0 9958 451302 2083 0 4083 0 0 0
cpu2 4095 35 5946 459103 1684 0 2858 0 0 0
cpu3 3421 201 3566 463645 1460 0 2241 0 0 0
1777987359
cpu0 4764 0 18879 438150 1648 0 6979 0 0 0
cpu1 4242 0 9959 451400 2083 0 4083 0 0 0
cpu2 4096 35 5948 459200 1684 0 2858 0 0 0
cpu3 3422 201 3568 463742 1460 0 2241 0 0 0
1777987360
cpu0 4764 0 18881 438243 1648 0 6979 0 0 0
cpu1 4243 0 9962 451493 2083 0 4084 0 0 0
cpu2 4096 35 5951 459292 1684 0 2859 0 0 0
cpu3 3422 201 3571 463837 1460 0 2241 0 0 0
1777987361
cpu0 4765 0 18883 438333 1648 0 6980 0 0 0
cpu1 4244 0 9963 451584 2083 0 4084 0 0 0
cpu2 4097 35 5954 459382 1684 0 2859 0 0 0
cpu3 3423 201 3573 463932 1460 0 2241 0 0 0
1777987362
cpu0 4766 0 18885 438427 1648 0 6981 0 0 0
cpu1 4245 0 9966 451678 2083 0 4084 0 0 0
cpu2 4098 35 5956 459476 1684 0 2859 0 0 0
cpu3 3423 201 3574 464028 1460 0 2241 0 0 0
1777987363
cpu0 4767 0 18888 438523 1648 0 6981 0 0 0
cpu1 4246 0 9968 451775 2083 0 4084 0 0 0
cpu2 4098 35 5958 459573 1684 0 2859 0 0 0
cpu3 3424 201 3576 464126 1460 0 2241 0 0 0
1777987364
cpu0 4767 0 18891 438606 1648 0 6981 0 0 0
cpu1 4247 0 9970 451859 2083 0 4085 0 0 0
cpu2 4099 35 5961 459656 1684 0 2860 0 0 0
cpu3 3425 201 3577 464219 1460 0 2241 0 0 0
1777987365
cpu0 4768 0 18894 438687 1648 0 6982 0 0 0
cpu1 4248 0 9973 451941 2083 0 4085 0 0 0
cpu2 4099 35 5963 459738 1684 0 2860 0 0 0
cpu3 3425 201 3580 464312 1460 0 2241 0 0 0
1777987366
cpu0 4769 0 18897 438782 1648 0 6983 0 0 0
cpu1 4248 0 9975 452038 2083 0 4085 0 0 0
cpu2 4100 35 5965 459835 1684 0 2860 0 0 0
cpu3 3425 201 3582 464408 1460 0 2241 0 0 0
1777987367
cpu0 4770 0 18899 438873 1648 0 6983 0 0 0
cpu1 4249 0 9977 452131 2083 0 4085 0 0 0
cpu2 4100 35 5967 459927 1684 0 2860 0 0 0
cpu3 3426 201 3585 464504 1460 0 2242 0 0 0
1777987368
cpu0 4770 0 18903 438946 1648 0 6983 0 0 0
cpu1 4249 0 9980 452207 2083 0 4086 0 0 0
cpu2 4101 35 5969 460002 1684 0 2861 0 0 0
cpu3 3426 201 3587 464595 1460 0 2242 0 0 0
1777987369
cpu0 4772 0 18905 439024 1648 0 6984 0 0 0
cpu1 4250 0 9984 452288 2083 0 4086 0 0 0
cpu2 4101 35 5972 460081 1684 0 2861 0 0 0
cpu3 3427 201 3590 464686 1460 0 2242 0 0 0
1777987370
cpu0 4772 0 18907 439121 1648 0 6984 0 0 0
cpu1 4250 0 9985 452387 2083 0 4086 0 0 0
cpu2 4102 35 5974 460178 1684 0 2861 0 0 0
cpu3 3428 201 3593 464783 1460 0 2242 0 0 0
1777987371
cpu0 4774 0 18910 439200 1648 0 6985 0 0 0
cpu1 4250 0 9988 452468 2083 0 4087 0 0 0
cpu2 4103 35 5976 460260 1684 0 2861 0 0 0
cpu3 3429 201 3596 464873 1460 0 2242 0 0 0
1777987372
cpu0 4774 0 18913 439268 1648 0 6986 0 0 0
cpu1 4251 0 9993 452534 2083 0 4087 0 0 0
cpu2 4103 35 5979 460328 1684 0 2862 0 0 0
cpu3 3429 201 3599 464958 1460 0 2242 0 0 0
1777987373
cpu0 4775 0 18916 439351 1648 0 6987 0 0 0
cpu1 4252 0 9996 452618 2083 0 4087 0 0 0
cpu2 4104 35 5982 460412 1684 0 2862 0 0 0
cpu3 3431 201 3602 465049 1460 0 2242 0 0 0
1777987374
cpu0 4776 0 18918 439449 1648 0 6987 0 0 0
cpu1 4253 0 9998 452715 2083 0 4088 0 0 0
cpu2 4105 35 5983 460509 1684 0 2863 0 0 0
cpu3 3431 201 3604 465147 1460 0 2242 0 0 0
1777987375
cpu0 4776 0 18923 439515 1648 0 6989 0 0 0
cpu1 4254 0 10002 452784 2083 0 4089 0 0 0
cpu2 4106 35 5988 460573 1684 0 2864 0 0 0
cpu3 3432 201 3608 465229 1460 0 2243 0 0 0
1777987376
cpu0 4777 0 18927 439575 1648 0 6991 0 0 0
cpu1 4255 0 10006 452849 2083 0 4090 0 0 0
cpu2 4106 35 5992 460632 1684 0 2866 0 0 0
cpu3 3433 201 3612 465308 1460 0 2243 0 0 0
1777987377
cpu0 4778 0 18929 439667 1648 0 6992 0 0 0
cpu1 4256 0 10008 452942 2083 0 4090 0 0 0
cpu2 4107 35 5995 460724 1684 0 2866 0 0 0
cpu3 3433 201 3615 465404 1460 0 2243 0 0 0
1777987378
cpu0 4778 0 18932 439756 1648 0 6993 0 0 0
cpu1 4256 0 10011 453032 2083 0 4090 0 0 0
cpu2 4108 35 5998 460813 1684 0 2867 0 0 0
cpu3 3434 201 3617 465498 1460 0 2244 0 0 0
1777987379
cpu0 4780 0 18940 439806 1648 0 6997 0 0 0
cpu1 4258 0 10018 453085 2083 0 4093 0 0 0
cpu2 4110 35 6004 460865 1684 0 2869 0 0 0
cpu3 3434 201 3621 465578 1460 0 2244 0 0 0
1777987380
cpu0 4781 0 18945 439864 1648 0 7002 0 0 0
cpu1 4258 0 10024 453146 2083 0 4096 0 0 0
cpu2 4112 35 6010 460927 1684 0 2871 0 0 0
cpu3 3436 201 3625 465660 1460 0 2245 0 0 0
1777987381
cpu0 4781 0 18947 439962 1648 0 7002 0 0 0
cpu1 4259 0 10026 453244 2083 0 4096 0 0 0
cpu2 4112 35 6012 461024 1684 0 2871 0 0 0
cpu3 3436 201 3626 465758 1460 0 2245 0 0 0
1777987382
cpu0 4783 0 18952 440031 1648 0 7007 0 0 0
cpu1 4260 0 10030 453318 2083 0 4098 0 0 0
cpu2 4113 35 6019 461095 1684 0 2874 0 0 0
cpu3 3438 201 3629 465844 1460 0 2246 0 0 0
1777987383
cpu0 4785 0 18962 440071 1648 0 7015 0 0 0
cpu1 4262 0 10037 453369 2083 0 4102 0 0 0
cpu2 4115 35 6027 461140 1684 0 2879 0 0 0
cpu3 3440 201 3634 465918 1460 0 2247 0 0 0
1777987384
cpu0 4786 0 18969 440139 1648 0 7018 0 0 0
cpu1 4263 0 10043 453441 2083 0 4105 0 0 0
cpu2 4116 35 6033 461211 1684 0 2881 0 0 0
cpu3 3441 201 3637 466004 1460 0 2248 0 0 0
1777987385
cpu0 4787 0 18972 440236 1648 0 7019 0 0 0
cpu1 4264 0 10044 453539 2083 0 4105 0 0 0
cpu2 4117 35 6034 461309 1684 0 2881 0 0 0
cpu3 3442 201 3639 466101 1460 0 2248 0 0 0
1777987386
cpu0 4789 0 18983 440284 1648 0 7025 0 0 0
cpu1 4265 0 10054 453590 2083 0 4111 0 0 0
cpu2 4119 35 6044 461358 1684 0 2888 0 0 0
cpu3 3444 201 3644 466176 1460 0 2250 0 0 0
1777987387
cpu0 4791 0 18996 440321 1648 0 7033 0 0 0
cpu1 4267 0 10066 453631 2083 0 4117 0 0 0
cpu2 4121 35 6057 461395 1684 0 2895 0 0 0
cpu3 3444 201 3649 466248 1460 0 2252 0 0 0
1777987388
cpu0 4792 0 18999 440406 1648 0 7036 0 0 0
cpu1 4268 0 10070 453717 2083 0 4119 0 0 0
cpu2 4123 35 6061 461481 1684 0 2898 0 0 0
cpu3 3445 201 3652 466340 1460 0 2253 0 0 0
1777987389
cpu0 4793 0 19004 440495 1648 0 7037 0 0 0
cpu1 4269 0 10074 453807 2083 0 4120 0 0 0
cpu2 4123 35 6064 461570 1684 0 2899 0 0 0
cpu3 3446 201 3653 466433 1461 0 2254 0 0 0
1777987390
cpu0 4796 0 19021 440524 1648 0 7050 0 0 0
cpu1 4272 0 10089 453841 2083 0 4129 0 0 0
cpu2 4126 35 6079 461603 1684 0 2908 0 0 0
cpu3 3448 201 3658 466496 1461 0 2260 0 0 0
1777987391
cpu0 4800 0 19036 440561 1648 0 7060 0 0 0
cpu1 4274 0 10104 453883 2083 0 4136 0 0 0
cpu2 4129 35 6094 461644 1684 0 2917 0 0 0
cpu3 3449 201 3664 466563 1461 0 2264 0 0 0
1777987392
cpu0 4801 0 19038 440658 1648 0 7060 0 0 0
cpu1 4274 0 10106 453980 2083 0 4136 0 0 0
cpu2 4129 35 6096 461741 1684 0 2917 0 0 0
cpu3 3449 201 3666 466661 1461 0 2264 0 0 0
1777987393
cpu0 4804 0 19058 440715 1648 0 7077 0 0 0
cpu1 4276 0 10115 454047 2083 0 4143 0 0 0
cpu2 4131 35 6106 461808 1684 0 2922 0 0 0
cpu3 3450 201 3670 466749 1461 0 2267 0 0 0
1777987394
cpu0 4811 0 19100 440721 1648 0 7109 0 0 0
cpu1 4279 0 10135 454074 2083 0 4162 0 0 0
cpu2 4135 35 6125 461837 1684 0 2936 0 0 0
cpu3 3451 201 3676 466825 1461 0 2271 0 0 0
1777987395
cpu0 4815 0 19124 440769 1648 0 7127 0 0 0
cpu1 4281 0 10148 454133 2083 0 4171 0 0 0
cpu2 4136 35 6139 461896 1684 0 2942 0 0 0
cpu3 3452 201 3681 466911 1461 0 2274 0 0 0
1777987396
cpu0 4816 0 19126 440867 1648 0 7127 0 0 0
cpu1 4281 0 10149 454231 2083 0 4171 0 0 0
cpu2 4137 35 6142 461992 1684 0 2942 0 0 0
cpu3 3453 201 3683 467008 1461 0 2274 0 0 0
1777987397
cpu0 4820 0 19151 440900 1648 0 7145 0 0 0
cpu1 4285 0 10171 454268 2083 0 4186 0 0 0
cpu2 4139 35 6160 462033 1684 0 2952 0 0 0
cpu3 3454 201 3687 467080 1461 0 2278 0 0 0
1777987398
cpu0 4825 0 19184 440914 1648 0 7168 0 0 0
cpu1 4290 0 10198 454285 2083 0 4205 0 0 0
cpu2 4144 35 6186 462057 1684 0 2966 0 0 0
cpu3 3456 201 3694 467142 1461 0 2287 0 0 0
1777987399
cpu0 4826 0 19195 440992 1648 0 7175 0 0 0
cpu1 4292 0 10207 454365 2083 0 4208 0 0 0
cpu2 4145 35 6196 462136 1684 0 2970 0 0 0
cpu3 3456 201 3699 467229 1461 0 2290 0 0 0
1777987400
cpu0 4827 0 19200 441083 1648 0 7176 0 0 0
cpu1 4293 0 10211 454458 2083 0 4209 0 0 0
cpu2 4145 35 6199 462229 1684 0 2972 0 0 0
cpu3 3457 201 3702 467322 1461 0 2291 0 0 0
1777987401
cpu0 4832 0 19245 441090 1648 0 7208 0 0 0
cpu1 4299 0 10244 454475 2083 0 4228 0 0 0
cpu2 4151 35 6240 462237 1684 0 3002 0 0 0
cpu3 3459 201 3709 467374 1461 0 2308 0 0 0
1777987402
cpu0 4838 0 19283 441105 1648 0 7234 0 0 0
cpu1 4303 0 10269 454501 2083 0 4243 0 0 0
cpu2 4156 35 6277 462255 1684 0 3023 0 0 0
cpu3 3461 201 3715 467432 1461 0 2323 0 0 0
1777987403
cpu0 4838 0 19285 441202 1648 0 7234 0 0 0
cpu1 4304 0 10272 454598 2083 0 4243 0 0 0
cpu2 4156 35 6280 462352 1684 0 3023 0 0 0
cpu3 3462 201 3717 467529 1461 0 2323 0 0 0
1777987404
cpu0 4841 0 19300 441263 1648 0 7256 0 0 0
cpu1 4308 0 10293 454662 2083 0 4251 0 0 0
cpu2 4160 35 6297 462412 1684 0 3041 0 0 0
cpu3 3463 201 3722 467611 1461 0 2329 0 0 0
1777987405
cpu0 4846 0 19339 441264 1648 0 7312 0 0 0
cpu1 4314 0 10355 454666 2083 0 4271 0 0 0
cpu2 4168 35 6350 462412 1684 0 3081 0 0 0
cpu3 3465 201 3731 467669 1461 0 2345 0 0 0
1777987406
cpu0 4849 0 19362 441304 1648 0 7347 0 0 0
cpu1 4319 0 10387 454712 2083 0 4281 0 0 0
cpu2 4172 35 6381 462454 1684 0 3102 0 0 0
cpu3 3468 201 3739 467742 1461 0 2358 0 0 0
