#type       avg     std     min      p5     p10     p50     p67     p75     p80     p85     p90     p95     p99    p999   p9999      QPS   target       ts_start         ts_end
read      251.1    90.7   109.4   173.1   187.5   241.9   263.5   275.0   285.4   295.9   312.3   338.5   455.2  1169.8  3771.2   4980.5     5000  1777986662816  1777986665076
read      290.5   100.8   101.3   161.8   187.6   286.2   316.7   334.2   345.7   361.6   380.6   415.0   518.2  1252.8  3232.9  14971.5    15000  1777986666580  1777986668822
read      292.9   110.3    93.8   146.6   165.2   288.3   329.8   351.3   366.6   384.6   406.1   445.9   574.6  1071.2  1962.4  24934.0    25000  1777986670326  1777986672528
read      322.2   144.4    86.8   142.8   161.1   309.1   364.2   394.0   416.2   443.4   481.2   548.5   737.6  1607.3  2576.5  34739.0    35000  1777986674032  1777986676234
read      319.3   144.8    86.8   134.5   150.5   306.3   370.4   407.3   434.0   467.2   505.1   560.9   674.6   938.5  3652.1  44781.5    45000  1777986677739  1777986679941
read      334.8   175.2    86.8   137.5   152.8   304.1   382.9   433.7   471.4   512.0   559.6   631.4   800.8  1261.6  4495.3  54687.5    55000  1777986681445  1777986683646
read      464.9   389.3    80.4   154.5   177.6   349.7   474.0   565.9   632.4   715.1   846.8  1112.0  2108.7  3179.8  7889.1  64770.9    65000  1777986685150  1777986687351
read      989.7  1258.1   109.4   277.5   304.8   453.7   645.7   723.7   793.3  3239.4  3426.4  3652.4  4068.0  8133.7 14629.2  67484.1    75000  1777986688855  1777986691056
read      999.8  1243.2   101.3   289.4   315.6   444.0   664.9   735.1   796.0  3257.1  3427.5  3657.6  4051.0  8041.1 10065.5  67157.9    85000  1777986692560  1777986694765
read     1011.6  1243.5   101.3   287.0   313.2   461.6   660.2   745.5   830.6  3259.3  3434.4  3673.8  4060.1  8026.4 10035.6  66466.5    95000  1777986696269  1777986698470
read     1031.1  1258.1   109.4   295.9   323.3   465.3   678.9   761.6   837.7  3274.4  3450.9  3690.3  4058.2  8060.9 10113.7  65263.4   105000  1777986699974  1777986702174
read     1002.9  1254.7   101.3   261.5   293.7   487.4   623.1   731.2   837.8  3234.8  3438.4  3679.0  4627.2  8027.6 10071.7  66932.6   115000  1777986703678  1777986705880
read      982.7  1235.1   101.3   272.4   300.4   450.7   640.3   713.7   780.6  3244.7  3425.9  3645.3  4025.3  8043.7 10634.4  68373.1   125000  1777986707385  1777986709588
Warning! Detected max cpu usage > 95%
CPU Usage Stats (avg/min/max): 50.50%,1.00%,100.00%
