#type       avg     std     min      p5     p10     p50     p67     p75     p80     p85     p90     p95     p99    p999   p9999      QPS   target       ts_start         ts_end
read      245.9    77.5   101.3   173.6   187.5   239.6   259.0   269.7   277.2   288.6   302.0   324.6   394.7  1166.3  2770.6   5010.5     5000  1777986127224  1777986129479
read      276.4   108.9    93.8   160.9   184.6   271.8   301.0   317.3   329.1   342.1   360.1   388.0   479.2  1139.8  4069.1  15041.5    15000  1777986130983  1777986133225
read      292.3   110.4    93.8   146.4   165.0   290.9   328.8   348.4   364.1   381.6   403.1   441.4   538.5  1312.9  3629.4  25069.5    25000  1777986134729  1777986136929
read      297.2   120.3    86.8   139.9   156.5   293.9   343.4   368.8   387.4   408.3   437.2   480.6   575.4   743.5  2783.5  34720.0    35000  1777986138433  1777986140633
read      311.8   127.1    86.8   141.0   158.6   300.1   359.3   391.8   416.1   445.9   481.1   536.4   640.1   876.2  1616.1  45065.0    45000  1777986142138  1777986144339
read      338.5   173.6    86.8   145.2   166.1   315.5   381.1   420.4   450.1   484.2   528.5   593.9   793.2  1791.8  4154.5  54911.0    55000  1777986145842  1777986148042
read      375.2   173.9    86.8   159.0   186.6   349.9   426.9   471.9   503.9   541.1   587.9   663.8   837.5  1128.7  5128.7  65009.0    65000  1777986149547  1777986151746
read     1017.5   440.6   148.8   735.8   771.3   897.2   942.1   987.1  1016.3  1406.5  1646.1  1766.5  1951.3  7345.0  9141.3  65043.4    75000  1777986153250  1777986155449
read      944.6   406.0   109.4   678.3   713.7   835.9   881.6   921.8   957.2  1294.1  1530.5  1646.2  1815.4  7219.0  9262.2  69738.5    85000  1777986156953  1777986159155
read      890.4   384.9   118.1   629.7   667.5   781.8   829.5   862.8   911.7  1317.0  1458.7  1561.6  1717.9  7098.6  8003.1  73539.9    95000  1777986160659  1777986162863
read      901.8   385.0   160.7   660.4   696.6   789.5   832.5   860.5   896.4  1314.6  1475.5  1570.2  1710.9  7146.4  9310.2  73032.5   105000  1777986164367  1777986166570
read      927.9   404.5   137.8   663.9   701.2   809.3   855.8   887.6   933.8  1372.8  1515.1  1604.7  1738.5  7211.5  8929.2  71111.4   115000  1777986168074  1777986170276
read      991.2   418.0   160.7   715.3   755.6   875.6   926.8   963.8  1004.8  1314.2  1597.8  1715.6  1879.7  7295.7  8111.7  66830.0   125000  1777986171780  1777986173982
Warning! Detected max cpu usage > 95%
CPU Usage Stats (avg/min/max): 51.00%,1.99%,100.00%
