#type       avg     std     min      p5     p10     p50     p67     p75     p80     p85     p90     p95     p99    p999   p9999      QPS   target       ts_start         ts_end
read      248.8   161.2   118.1   174.0   187.9   238.2   257.4   267.9   274.5   285.5   297.2   321.8   392.9  2264.8  7260.2   4945.5     5000  1777986876258  1777986878515
read      268.8    67.6    93.8   166.5   187.4   268.4   293.1   307.0   316.6   328.6   343.0   367.1   421.6   655.4  2037.4  14966.5    15000  1777986880018  1777986882261
read      279.5    88.0    93.8   155.9   174.5   280.7   312.8   329.6   341.2   355.3   372.0   399.8   465.9   736.5  2930.4  24849.5    25000  1777986883764  1777986885967
read      278.6    97.3    93.8   144.2   160.4   278.4   319.5   340.3   354.6   370.1   391.6   424.6   503.3   710.4  2167.1  35017.4    35000  1777986887470  1777986889668
read      276.7   110.5    86.8   137.6   151.9   275.3   323.2   345.3   361.1   378.1   400.1   434.6   521.1   726.8  3915.0  45384.5    45000  1777986891172  1777986893370
read      278.4   137.2    86.8   135.0   149.4   268.0   322.1   348.3   366.9   388.5   415.9   461.7   588.8   891.6  4065.3  55209.0    55000  1777986894873  1777986897075
read      279.5   115.9    80.4   134.9   149.6   264.7   321.6   351.4   371.6   395.9   427.1   478.4   597.0   921.6  1745.4  65157.5    65000  1777986898581  1777986900790
read      292.5   137.2    86.8   137.8   153.0   271.9   330.9   362.4   385.2   412.1   450.2   513.5   693.2  1459.9  2199.2  75216.0    75000  1777986902293  1777986904496
read      284.1   134.2    86.8   136.8   152.1   264.9   320.6   350.7   372.5   399.4   434.8   495.4   627.5  1571.6  2926.7  84905.1    85000  1777986906000  1777986908199
read      332.7   178.7    86.8   148.1   166.9   298.5   363.7   402.0   433.4   473.3   530.7   631.7   946.2  1364.4  3753.7  94955.4    95000  1777986909702  1777986911903
read      364.1   205.1    86.8   153.6   176.2   321.3   397.5   445.2   481.8   528.6   592.8   715.3  1032.6  1384.0  4761.7 104504.0   105000  1777986913408  1777986915608
read      552.9   271.9    86.8   215.2   268.8   510.3   596.0   657.9   719.9   816.8   932.8  1053.8  1243.4  1555.8  7288.1 105563.4   115000  1777986917111  1777986919310
read      503.5   234.7    93.8   224.7   269.0   457.2   531.6   590.8   659.3   754.4   841.9   932.5  1086.9  1589.5  7192.9 116515.4   125000  1777986920815  1777986923017
Warning! Detected max cpu usage > 95%
CPU Usage Stats (avg/min/max): 51.01%,2.01%,100.00%
