#type       avg     std     min      p5     p10     p50     p67     p75     p80     p85     p90     p95     p99    p999   p9999      QPS   target       ts_start         ts_end
read      241.4   106.1   109.4   171.1   185.0   236.0   253.2   264.1   271.3   280.5   292.2   312.9   365.1  1225.9  4396.3   5015.5     5000  1777986821765  1777986824023
read      266.5    73.0   101.3   166.6   188.2   265.1   289.0   302.2   312.5   323.8   340.1   364.7   422.1   770.4  1615.4  15063.5    15000  1777986825527  1777986827766
read      281.3   119.3    93.8   152.8   171.9   280.4   312.6   329.6   341.2   355.4   372.1   400.7   484.3  1384.4  3231.2  25159.0    25000  1777986829269  1777986831470
read      281.6   113.9    86.8   143.5   159.6   282.4   322.3   342.7   357.0   372.2   393.4   426.8   520.7   926.7  1984.5  35199.7    35000  1777986832974  1777986835177
read      277.0   107.4    86.8   137.9   152.3   273.5   321.0   343.8   359.8   376.9   400.5   438.3   555.4   828.5  1748.0  44937.0    45000  1777986836681  1777986838887
read      280.8   130.0    86.8   134.3   149.1   271.1   324.5   349.8   367.5   388.2   414.9   463.0   609.2  1306.8  3772.0  54897.3    55000  1777986840391  1777986842593
read      274.5   120.4    86.8   133.2   147.2   261.2   317.7   345.6   364.7   386.6   414.8   461.6   591.5   937.3  3601.3  65098.9    65000  1777986844097  1777986846297
read      284.0   149.5    86.8   135.5   150.5   266.6   322.4   351.3   371.5   396.0   428.4   484.3   633.3  1608.5  4757.3  74893.0    75000  1777986847801  1777986850007
read      288.3   141.9    86.8   138.8   154.3   267.9   324.3   355.4   377.5   403.9   441.3   503.0   659.5  1324.0  3495.4  84917.4    85000  1777986851511  1777986853711
read      323.7   157.4    86.8   146.2   166.3   298.2   357.4   392.1   419.3   454.6   503.5   589.0   864.1  1271.3  2180.1  95101.4    95000  1777986855215  1777986857417
read      414.0   219.2    86.8   163.8   191.4   369.6   458.4   511.0   554.2   616.0   705.0   843.6  1056.0  1326.9  5337.8 104822.2   105000  1777986858921  1777986861121
read      522.0   263.2    86.8   207.8   252.7   484.8   565.3   616.1   663.8   753.5   899.0  1022.4  1184.0  1450.5  7283.3 107037.9   115000  1777986862624  1777986864827
read      631.1   257.1   101.3   381.1   415.2   546.8   628.9   763.8   866.9   936.0   998.4  1075.6  1213.9  1466.7  7392.4 102972.7   125000  1777986866332  1777986868535
Warning! Detected max cpu usage > 95%
CPU Usage Stats (avg/min/max): 50.75%,1.50%,100.00%
