#type       avg     std     min      p5     p10     p50     p67     p75     p80     p85     p90     p95     p99    p999   p9999      QPS   target       ts_start         ts_end
read      260.9   103.5   118.1   176.0   192.4   251.3   273.0   285.7   294.1   306.2   320.6   346.2   463.0  1272.5  3173.1   4930.5     5000  1777987094254  1777987096510
read      291.3   114.2   101.3   165.4   189.3   287.2   319.1   336.9   348.9   364.2   383.3   416.1   504.3  1097.4  5399.0  15131.0    15000  1777987098014  1777987100254
read      305.1   129.5    93.8   150.0   169.8   300.2   345.4   368.5   384.8   402.6   428.5   469.8   576.0  1441.0  3151.9  25029.0    25000  1777987101758  1777987103960
read      318.7   163.5    86.8   144.0   161.8   307.5   364.4   394.4   415.8   440.5   473.7   521.7   634.3  2017.8  4323.0  34823.5    35000  1777987105464  1777987107673
read      336.4   164.8    86.8   140.8   158.5   319.2   389.3   428.4   456.8   488.5   527.6   586.0   720.5  1792.7  3969.3  45172.8    45000  1777987109177  1777987111378
read      374.6   255.5    86.8   143.7   163.1   330.6   421.4   474.0   509.5   551.5   602.1   687.0  1099.4  2835.4  7839.8  54828.9    55000  1777987112882  1777987115085
read      444.6   400.0    86.8   144.4   163.4   327.5   469.3   548.2   605.9   678.8   796.2  1064.6  2032.2  4041.0  7803.8  65055.9    65000  1777987116588  1777987118791
read      979.5  1866.2    86.8   176.4   200.8   320.5   372.0   406.3   439.3   508.3  4127.2  6233.7  7606.1  9370.7 11110.7  69154.6    75000  1777987120295  1777987122497
read     1053.9  1960.4    93.8   188.1   212.5   337.8   404.0   450.3   490.7   569.6  5180.5  6343.3  7759.5 10010.3 12553.3  65155.4    85000  1777987124001  1777987126203
read     1007.2  1932.0    93.8   178.3   201.4   318.4   377.9   417.9   454.5   515.8  5506.2  6317.8  7366.9  9372.1 12861.8  68103.4    95000  1777987127707  1777987129909
read     1021.5  1937.2    93.8   181.8   204.7   329.4   389.3   427.2   460.9   522.0  5280.4  6326.3  7541.6  9300.1 11385.5  67084.5   105000  1777987131411  1777987133613
read     1005.7  1901.4    93.8   178.1   202.2   331.5   386.9   423.5   458.5   535.1  4279.0  6276.2  7632.5  9448.9 13024.5  67895.2   115000  1777987135117  1777987137320
read     1033.9  1948.0    86.8   184.6   207.2   336.9   399.5   438.3   473.5   541.7  5158.9  6326.1  7705.0  9812.1 13302.9  66253.4   125000  1777987138825  1777987141028
Warning! Detected max cpu usage > 95%
CPU Usage Stats (avg/min/max): 51.49%,2.97%,100.00%
