#type       avg     std     min      p5     p10     p50     p67     p75     p80     p85     p90     p95     p99    p999   p9999      QPS   target       ts_start         ts_end
read      245.0   185.1   118.1   172.8   187.4   237.6   254.7   264.9   271.3   279.8   292.1   311.5   368.2  1269.9 12930.5   4929.0     5000  1777987359753  1777987362008
read      268.4    77.8   109.4   168.9   189.3   267.4   291.1   304.0   313.3   323.7   339.6   363.5   418.9   941.8  2992.0  15035.0    15000  1777987363512  1777987365749
read      280.6    92.2    93.8   160.3   178.4   281.9   312.8   329.0   340.0   353.0   369.4   395.7   462.0   738.0  3874.6  24795.5    25000  1777987367253  1777987369454
read      279.7   104.3    86.8   147.8   164.5   279.4   318.0   337.4   350.4   365.4   384.2   414.1   501.8  1102.0  2336.8  34947.0    35000  1777987370957  1777987373158
read      269.6    97.6    86.8   137.9   152.2   268.1   311.3   332.6   346.5   363.6   384.4   417.6   505.8   896.8  1832.5  44842.5    45000  1777987374662  1777987376864
read      272.0   116.3    86.8   135.5   149.8   264.4   313.7   337.8   354.2   372.0   396.2   434.1   553.3  1296.0  2424.2  54903.5    55000  1777987378367  1777987380567
read      267.6   130.3    86.8   133.5   146.8   253.6   307.4   333.5   351.2   370.9   397.1   436.8   577.4  1390.7  3395.9  65178.5    65000  1777987382071  1777987384271
read      266.8   137.2    86.8   132.1   145.5   247.8   303.6   331.6   350.4   371.5   399.0   444.9   612.3  1632.1  3584.1  74973.9    75000  1777987385775  1777987387977
read      265.1   127.6    86.8   133.3   146.6   242.5   297.8   326.6   346.4   369.1   398.6   450.7   654.7  1454.1  2514.6  85209.0    85000  1777987389481  1777987391685
read      314.1   188.2    86.8   139.6   155.1   269.3   336.7   375.4   406.5   450.7   521.7   644.5   949.1  2071.4  2909.6  95003.6    95000  1777987393189  1777987395389
read      283.6   190.3    86.8   137.5   151.8   252.0   306.1   336.6   358.8   385.3   421.8   493.2   830.6  2711.5  5545.3 104601.5   105000  1777987396893  1777987399100
read      314.5   247.1    86.8   143.5   160.4   272.6   330.3   363.9   389.7   423.1   472.6   572.8   984.9  3395.6  7188.0 114955.9   115000  1777987400604  1777987402807
read      454.9   315.8    86.8   174.6   203.1   382.6   486.2   554.7   609.8   678.3   775.8   944.7  1395.4  3486.0  7756.4 124835.8   125000  1777987404311  1777987406511
Warning! Detected max cpu usage > 95%
CPU Usage Stats (avg/min/max): 51.00%,1.99%,100.00%
