#type       avg     std     min      p5     p10     p50     p67     p75     p80     p85     p90     p95     p99    p999   p9999      QPS   target       ts_start         ts_end
read      243.9    90.3   101.3   172.0   186.0   239.0   257.4   267.5   273.9   283.9   294.9   315.4   370.1  1239.7  3677.6   4961.4     5000  1777987463949  1777987466201
read      267.1    74.0   109.4   169.8   189.8   266.7   290.4   303.1   312.3   321.6   337.4   360.2   413.4   626.1  2036.7  15006.0    15000  1777987467705  1777987469942
read      276.1   122.4   101.3   155.5   173.7   275.5   305.5   320.7   332.8   344.9   362.3   387.7   453.2  1643.1  5974.1  25095.0    25000  1777987471446  1777987473645
read      270.1    85.9    93.8   145.1   160.4   270.4   307.8   326.6   339.9   355.1   372.5   401.8   471.5   753.9  1554.0  35253.5    35000  1777987475148  1777987477348
read      277.4   154.8    86.8   140.4   155.5   273.7   316.9   338.4   353.1   369.5   391.3   425.4   523.6  1405.9  4943.7  44878.0    45000  1777987478852  1777987481052
read      270.3   109.0    86.8   134.9   149.0   263.7   314.7   339.1   355.6   373.3   396.9   432.6   542.7   886.2  1619.2  54823.5    55000  1777987482556  1777987484757
read      269.9   111.9    86.8   135.1   148.8   256.3   311.7   338.5   356.8   376.8   402.7   446.7   578.6   994.8  1979.9  65081.5    65000  1777987486261  1777987488460
read      260.9   118.5    86.8   130.8   143.7   241.2   297.8   327.5   346.8   368.8   395.8   437.3   582.6  1085.1  2199.1  75176.0    75000  1777987489964  1777987492166
read      269.7   141.1    86.8   132.9   146.8   247.5   301.6   329.9   349.5   371.9   401.4   455.9   713.5  1730.7  2559.4  85027.0    85000  1777987493669  1777987495870
read      279.6   159.0    86.8   137.7   152.1   253.2   307.1   335.8   356.1   379.5   411.7   473.4   822.6  2068.3  3142.5  94982.4    95000  1777987497374  1777987499572
read      288.7   206.1    80.4   138.3   153.1   255.3   308.9   338.5   360.3   386.7   423.2   499.6   920.6  2933.3  5520.1 105234.4   105000  1777987501077  1777987503276
read      292.8   214.3    86.8   141.7   157.6   260.0   312.1   341.1   362.9   389.7   427.4   499.8   857.4  3243.8  6446.8 115299.4   115000  1777987504780  1777987506980
read      360.0   239.3    86.8   158.6   180.0   314.9   382.4   425.7   460.8   506.4   573.3   687.0   975.6  3158.3  5906.8 125245.1   125000  1777987508484  1777987510682
Warning! Detected max cpu usage > 95%
CPU Usage Stats (avg/min/max): 51.99%,3.98%,100.00%
