#type       avg     std     min      p5     p10     p50     p67     p75     p80     p85     p90     p95     p99    p999   p9999      QPS   target       ts_start         ts_end
read      251.0   225.2   109.4   170.6   185.1   237.3   257.2   268.7   276.2   288.1   302.2   327.1   402.7  2139.3  9147.0   4928.0     5000  1777986075132  1777986077389
read      275.6   125.5    86.8   156.4   179.2   265.7   294.1   309.9   320.3   334.9   352.3   385.7   590.5  1797.0  3584.6  14956.5    15000  1777986078893  1777986081133
read      283.8    95.2    86.8   144.1   162.4   282.5   320.7   341.0   355.8   372.4   395.5   431.8   518.4   872.5  2033.5  25111.0    25000  1777986082638  1777986084841
read      293.6   111.4    86.8   138.4   155.1   288.0   338.0   364.3   383.3   404.5   434.7   477.8   582.4   808.5  1792.0  35084.0    35000  1777986086345  1777986088551
read      301.4   149.7    80.4   136.3   153.2   285.7   344.5   376.2   399.0   427.9   462.7   516.6   641.1  1207.3  3136.3  45010.5    45000  1777986090056  1777986092255
read      336.4   191.0    80.4   140.9   161.6   308.9   373.0   411.8   442.3   477.4   525.3   600.0   869.3  2438.1  4396.0  55203.2    55000  1777986093759  1777986095958
read      366.7   172.8    86.8   153.7   179.3   338.9   412.1   458.8   492.7   532.4   581.1   655.7   857.4  1458.9  3557.9  65184.9    65000  1777986097464  1777986099664
read      920.8   396.6   118.1   606.7   666.0   818.5   872.7   927.0  1003.6  1296.4  1473.4  1599.1  1810.9  7131.1  7918.2  70654.8    75000  1777986101169  1777986103370
read      920.1   392.2   101.3   661.3   700.1   810.8   857.9   891.8   931.0  1292.2  1497.8  1601.5  1745.0  7176.9  9559.3  71536.0    85000  1777986104873  1777986107077
read      990.6   464.9   127.6   716.6   756.6   873.3   921.9   947.7   993.2  1271.1  1605.7  1720.2  1876.3  7363.5 14541.7  66888.9    95000  1777986108581  1777986110784
read      959.6   421.3   187.4   695.4   724.5   844.5   893.9   928.2   969.5  1361.5  1552.2  1669.9  1845.3  7274.5  9353.6  68927.0   105000  1777986112289  1777986114491
read     1005.8   435.7   148.8   728.6   764.6   889.2   935.4   977.2  1010.5  1368.0  1626.5  1736.5  1903.7  7296.6 10055.6  65989.0   115000  1777986115994  1777986118192
read      908.6   391.8   148.8   652.3   689.3   796.5   844.6   869.8   919.9  1322.7  1476.4  1579.0  1724.2  7195.8  8091.6  72620.0   125000  1777986119697  1777986121897
Warning! Detected max cpu usage > 95%
CPU Usage Stats (avg/min/max): 50.25%,0.50%,100.00%
