#type       avg     std     min      p5     p10     p50     p67     p75     p80     p85     p90     p95     p99    p999   p9999      QPS   target       ts_start         ts_end
read      240.2    92.6   109.4   171.0   184.6   233.6   252.8   264.2   271.7   282.0   294.9   316.3   378.2  1165.0  6985.3   4934.5     5000  1777986338264  1777986340524
read      271.5    73.4    86.8   158.9   180.7   269.6   297.4   313.4   324.2   338.0   355.4   384.1   462.8   586.6  1616.4  15041.5    15000  1777986342028  1777986344268
read      292.5   111.5    86.8   146.1   165.0   291.0   329.7   349.4   364.5   381.7   403.1   444.1   548.2  1181.2  2380.6  24872.5    25000  1777986345773  1777986347973
read      305.3   143.0    86.8   141.6   159.1   296.2   346.8   374.7   395.4   420.7   453.8   503.6   629.1   989.2  5600.9  35139.0    35000  1777986349477  1777986351676
read      311.4   138.3    86.8   139.9   157.7   298.7   357.4   391.1   416.0   445.7   481.6   535.5   635.8   813.5  3489.6  45130.0    45000  1777986353181  1777986355380
read      318.4   138.5    86.8   140.2   158.4   298.5   364.3   402.0   432.7   466.0   506.1   568.2   685.5   946.9  1479.4  54794.4    55000  1777986356884  1777986359093
read      438.4   237.6    86.8   170.7   203.9   395.8   492.9   546.6   585.8   633.7   702.3   831.5  1188.3  1715.9  7308.3  65208.5    65000  1777986360597  1777986362797
read      668.2   350.2    86.8   236.1   302.1   639.4   723.8   773.4   812.5   895.1  1108.8  1308.8  1548.8  3796.6  7487.3  75103.0    75000  1777986364302  1777986366501
read      991.8   426.1   109.4   710.5   755.2   879.1   927.2   961.9  1002.8  1331.0  1607.9  1730.4  1884.0  7294.0  8135.5  66566.0    85000  1777986368006  1777986370207
read      924.5   403.1   137.8   649.3   694.7   815.8   865.9   910.6   949.8  1296.4  1492.0  1603.8  1770.3  7190.8  9587.3  71356.2    95000  1777986371711  1777986373911
read      948.2   402.5   101.3   697.7   724.9   837.2   880.8   918.1   941.4  1275.5  1540.8  1660.3  1829.6  7238.2  8902.3  69647.0   105000  1777986375414  1777986377615
read      960.6   410.5   187.4   686.4   724.1   849.1   901.1   933.0   981.7  1309.5  1549.6  1678.4  1852.3  7210.1  9062.2  68734.0   115000  1777986379119  1777986381318
read      959.4   417.3   127.6   695.7   733.6   847.6   894.1   927.0   961.9  1268.4  1554.3  1677.4  1841.0  7291.2  9624.2  68977.0   125000  1777986382822  1777986385022
Warning! Detected max cpu usage > 95%
CPU Usage Stats (avg/min/max): 51.24%,2.49%,100.00%
