#type       avg     std     min      p5     p10     p50     p67     p75     p80     p85     p90     p95     p99    p999   p9999      QPS   target       ts_start         ts_end
read      251.3   127.3   109.4   174.3   189.3   240.6   260.5   271.7   280.5   291.1   305.7   330.8   435.1  1888.3  7539.1   4976.5     5000  1777986179320  1777986181585
read      282.2    80.3    93.8   163.4   188.3   280.1   309.2   324.5   336.3   348.9   368.0   398.6   470.5   669.9  2209.8  14713.5    15000  1777986183091  1777986185328
read      292.4    97.4    93.8   148.2   166.4   292.7   331.7   351.9   366.9   384.5   405.6   445.4   530.7   683.2  2040.9  24873.5    25000  1777986186832  1777986189031
read      298.2   121.3    80.4   141.5   158.3   293.1   343.9   370.8   389.9   411.5   439.7   482.2   569.1   838.3  2705.2  34816.5    35000  1777986190535  1777986192738
read      301.3   126.8    86.8   138.3   154.7   288.4   348.3   381.2   403.5   433.6   467.7   515.6   608.6   732.6  2697.1  45407.0    45000  1777986194242  1777986196442
read      309.6   156.6    86.8   138.9   156.6   288.5   355.3   392.8   421.4   454.5   493.4   548.3   643.7   842.8  4315.8  55017.0    55000  1777986197946  1777986200148
read      339.2   156.5    80.4   148.3   171.0   319.7   384.0   425.2   455.5   489.3   530.7   587.7   704.1   930.8  4357.4  64803.0    65000  1777986201652  1777986203853
read      946.0   407.8   118.1   698.0   729.7   838.8   877.1   915.6   939.7  1157.0  1539.4  1657.0  1814.1  7243.0  8125.4  69575.0    75000  1777986205357  1777986207558
read      940.5   413.7   101.3   646.6   702.5   831.7   872.3   918.1   962.9  1308.0  1534.7  1648.8  1807.4  7126.0  8100.2  69850.0    85000  1777986209062  1777986211265
read      955.2   414.6   137.8   696.7   727.9   842.6   887.4   923.3   953.7  1303.7  1549.8  1670.5  1836.9  7295.7  8126.7  69227.3    95000  1777986212769  1777986214968
read      920.5   405.6   137.8   656.1   695.4   803.3   854.3   891.0   939.0  1340.3  1496.4  1594.8  1739.9  7193.4  9480.5  71664.4   105000  1777986216472  1777986218675
read      919.5   404.7   109.4   650.7   688.3   807.8   858.9   898.7   938.7  1310.5  1482.2  1595.1  1741.4  7260.6  9149.8  71769.5   115000  1777986220179  1777986222381
read      890.3   396.1   109.4   643.8   668.1   774.9   819.4   858.2   909.1  1329.8  1447.5  1547.1  1703.0  7150.9  9767.4  74179.9   125000  1777986223885  1777986226086
Warning! Detected max cpu usage > 95%
CPU Usage Stats (avg/min/max): 50.75%,1.49%,100.00%
