#type       avg     std     min      p5     p10     p50     p67     p75     p80     p85     p90     p95     p99    p999   p9999      QPS   target       ts_start         ts_end
read      244.9    93.8   109.4   173.6   187.3   239.2   258.4   268.6   275.0   285.3   295.9   316.5   372.8  1173.1  5540.7   4985.0     5000  1777987253173  1777987255434
read      265.0    98.6   101.3   164.9   185.6   262.1   286.0   298.5   309.3   320.0   337.3   363.0   431.0  1125.7  4081.4  14850.0    15000  1777987256938  1777987259177
read      288.9    93.0    93.8   155.3   175.1   287.1   319.9   338.3   351.0   366.7   387.9   425.8   549.7   990.8  2038.5  24848.0    25000  1777987260681  1777987262884
read      286.4   123.2    86.8   143.7   160.7   284.4   325.3   345.9   361.5   378.4   401.4   438.5   550.3  1037.1  3773.8  34937.0    35000  1777987264388  1777987266590
read      285.7   113.5    93.8   139.0   154.2   280.1   327.2   351.4   368.6   390.0   418.5   468.1   590.2   965.3  2203.7  44887.0    45000  1777987268094  1777987270295
read      286.9   141.9    86.8   134.7   149.4   273.7   327.2   355.4   374.9   400.3   435.1   497.8   637.5  1091.0  5985.2  54887.5    55000  1777987271799  1777987273998
read      295.4   148.1    86.8   136.2   150.2   272.7   333.2   365.2   389.8   421.0   465.8   538.7   737.7  1475.5  2441.5  64806.4    65000  1777987275502  1777987277706
read      291.9   159.9    86.8   132.4   146.0   257.9   321.0   358.1   387.4   426.0   483.4   572.0   796.6  1561.2  2363.5  74535.4    75000  1777987279209  1777987281408
read      354.0   259.1    86.8   141.9   158.9   291.9   371.3   421.9   464.0   517.3   595.3   754.7  1303.0  2962.6  4750.8  84793.7    85000  1777987282912  1777987285112
read      380.9   365.9    86.8   145.2   163.0   287.1   355.5   404.7   452.2   523.1   640.2   940.2  2008.5  3554.8  7762.4  94362.9    95000  1777987286615  1777987288818
read      517.7   682.4    80.4   169.3   194.5   330.3   400.6   449.0   490.1   550.4   731.6  2099.6  3430.9  7572.9  9025.9 104842.5   105000  1777987290323  1777987292522
read      634.3   865.9    86.8   219.2   245.9   394.1   491.8   545.2   584.1   633.2   725.5  3292.5  3838.6  7775.9  9892.8 102937.5   115000  1777987294026  1777987296225
read      643.2   875.8    86.8   206.1   236.7   393.9   484.0   548.0   606.1   688.1   853.7  3253.2  4118.5  7760.0  9826.9 102688.9   125000  1777987297729  1777987299929
Warning! Detected max cpu usage > 95%
CPU Usage Stats (avg/min/max): 51.50%,3.00%,100.00%
