#type       avg     std     min      p5     p10     p50     p67     p75     p80     p85     p90     p95     p99    p999   p9999      QPS   target       ts_start         ts_end
read      242.8    78.8   101.3   169.1   183.6   234.7   254.4   266.1   273.5   285.1   298.8   326.6   402.3  1243.2  2771.7   4985.5     5000  1777986717569  1777986719832
read      272.6   115.2   101.3   166.6   188.7   269.0   294.1   308.5   318.1   330.9   345.1   370.0   436.1  1249.9  7113.4  15150.0    15000  1777986721336  1777986723577
read      274.2    83.4    93.8   149.8   167.4   275.6   305.9   322.1   334.4   346.7   365.9   394.2   471.8   977.4  1555.2  25150.4    25000  1777986725080  1777986727283
read      278.9    96.5    86.8   142.1   158.4   281.5   320.3   339.6   353.0   368.4   389.6   423.0   505.4   677.3  2117.7  35074.0    35000  1777986728786  1777986730988
read      279.4   126.5    86.8   138.0   152.2   274.7   320.5   342.6   358.0   374.2   398.2   437.2   589.4  1355.0  2969.2  44865.0    45000  1777986732492  1777986734692
read      274.8   109.6    80.4   133.6   148.1   268.0   319.4   343.5   360.6   379.7   403.8   448.7   585.6   935.4  1720.6  54921.4    55000  1777986736195  1777986738397
read      278.9   139.3    86.8   132.6   146.8   262.7   319.8   348.3   367.8   390.1   418.4   466.9   631.2  1548.3  4070.6  65033.8    65000  1777986739901  1777986742101
read      285.6   152.2    86.8   135.5   150.4   266.8   323.4   352.4   372.7   397.4   430.3   487.4   651.0  1771.5  4527.9  75152.2    75000  1777986743604  1777986745806
read      285.4   157.5    86.8   136.5   151.8   263.0   318.7   349.1   371.2   398.6   434.3   496.7   667.5  1931.8  4071.2  85067.5    85000  1777986747309  1777986749511
read      299.4   141.2    86.8   143.7   161.4   278.8   334.2   365.9   390.1   420.2   461.1   526.7   678.4  1160.2  2852.7  94476.5    95000  1777986751014  1777986753217
read      459.0   277.6    86.8   157.2   183.0   405.2   517.3   578.0   631.3   722.4   863.4  1004.3  1211.3  1584.7  7074.7 101820.4   105000  1777986754720  1777986756922
read      589.2   241.6   101.3   332.6   370.3   518.9   620.1   724.1   790.9   853.3   918.7  1002.0  1165.2  2378.3  6990.8 108160.5   115000  1777986758426  1777986760629
read      595.9   239.4   101.3   350.3   383.8   519.0   618.6   743.8   813.6   871.2   930.0  1007.5  1158.6  1614.0  7210.2 108801.1   125000  1777986762132  1777986764332
Warning! Detected max cpu usage > 95%
CPU Usage Stats (avg/min/max): 50.75%,1.50%,100.00%
