#type       avg     std     min      p5     p10     p50     p67     p75     p80     p85     p90     p95     p99    p999   p9999      QPS   target       ts_start         ts_end
read      245.4   104.0   101.3   170.9   185.4   237.0   256.4   268.0   275.3   286.7   299.0   323.2   386.2  1254.1  4396.5   5013.5     5000  1777986769667  1777986771921
read      268.0    79.2    93.8   164.4   186.7   266.5   291.1   304.9   315.0   327.0   342.0   367.4   433.4   852.5  3775.3  14825.0    15000  1777986773424  1777986775662
read      277.4    94.1    93.8   151.5   170.1   278.5   309.8   326.0   337.8   351.0   368.9   397.3   469.0   938.3  2773.7  24940.0    25000  1777986777165  1777986779364
read      278.3   120.6    86.8   141.6   157.5   277.2   316.0   335.7   348.7   365.6   387.2   422.9   528.9  1453.4  4000.1  34742.4    35000  1777986780867  1777986783066
read      287.5   124.3    86.8   138.7   153.8   282.0   327.9   350.3   366.3   385.5   410.6   462.4   646.7  1375.3  2871.6  45061.5    45000  1777986784569  1777986786774
read      278.0   133.9    86.8   132.8   147.5   267.7   321.6   346.8   365.1   386.0   412.5   461.1   602.7  1284.2  2982.8  54938.5    55000  1777986788279  1777986790479
read      281.4   125.4    86.8   133.4   148.4   269.5   325.1   351.7   370.4   392.5   421.4   470.2   633.9  1241.5  2109.7  64859.5    65000  1777986791983  1777986794183
read      275.1   120.0    86.8   134.4   148.7   256.5   313.2   343.0   364.5   389.6   422.1   475.0   617.7  1055.4  1643.3  74897.9    75000  1777986795686  1777986797887
read      302.6   166.5    86.8   140.4   157.0   278.4   335.4   366.8   390.5   420.1   462.7   542.8   786.5  1766.4  3677.8  84906.6    85000  1777986799390  1777986801593
read      298.6   148.5    80.4   142.1   159.3   275.0   331.3   363.8   388.3   418.9   460.9   528.2   692.1  1888.9  3418.1  94660.4    95000  1777986803097  1777986805298
read      348.8   175.0    86.8   154.8   177.0   316.5   383.4   424.5   456.7   496.7   551.6   653.4   921.3  1240.1  3770.5 104935.8   105000  1777986806801  1777986809001
read      516.5   246.0    86.8   222.7   269.9   475.1   549.8   602.8   656.4   749.6   870.0   984.7  1140.3  1541.5  7138.2 109123.3   115000  1777986810505  1777986812709
read      522.9   271.9    86.8   206.6   249.7   473.9   571.8   633.0   689.1   767.4   884.9  1036.2  1244.4  1685.1  7265.4 110340.4   125000  1777986814213  1777986816415
Warning! Detected max cpu usage > 95%
CPU Usage Stats (avg/min/max): 51.99%,3.98%,100.00%
