#type       avg     std     min      p5     p10     p50     p67     p75     p80     p85     p90     p95     p99    p999   p9999      QPS   target       ts_start         ts_end
read      249.6   137.7   101.3   174.3   187.7   240.7   260.7   271.4   279.7   290.1   303.2   324.1   392.2  1797.8  7260.1   4946.5     5000  1777986980448  1777986982707
read      266.2    67.7   101.3   163.4   186.0   265.6   290.2   303.5   313.2   323.9   340.3   365.8   419.6   630.6  1961.8  14970.0    15000  1777986984211  1777986986451
read      280.7   109.5    93.8   151.9   170.4   279.9   312.8   330.0   341.8   356.5   373.2   402.3   488.9  1386.0  3920.5  25019.5    25000  1777986987955  1777986990156
read      282.3   108.6    86.8   145.0   161.4   282.7   322.6   342.6   356.9   372.1   393.5   426.2   516.2   796.8  3230.8  35113.4    35000  1777986991659  1777986993861
read      279.5   110.4    86.8   139.1   153.8   275.8   324.3   348.0   364.5   383.2   405.7   444.8   541.1   846.5  3240.3  44687.5    45000  1777986995365  1777986997566
read      283.6   120.5    86.8   135.4   149.9   274.2   329.3   356.7   374.5   396.7   425.6   472.2   610.1   942.4  1793.7  54902.0    55000  1777986999070  1777987001271
read      280.3   138.2    86.8   133.7   148.1   261.9   320.0   349.1   370.0   394.7   426.3   479.2   626.3  1746.9  2506.1  65423.5    65000  1777987002775  1777987004977
read      281.1   131.1    86.8   134.8   149.6   262.1   320.6   351.4   372.7   398.1   431.2   488.3   624.6  1178.0  3785.3  74745.7    75000  1777987006481  1777987008681
read      288.1   158.5    86.8   136.0   151.3   263.9   320.7   352.9   376.6   404.8   444.7   506.9   671.0  1951.2  4311.6  84742.0    85000  1777987010184  1777987012387
read      325.4   172.7    86.8   144.6   163.2   294.4   358.4   395.7   425.0   461.4   511.4   603.9   901.9  1935.7  3203.2  95273.4    95000  1777987013890  1777987016091
read      499.7   285.1    86.8   184.1   221.0   443.5   561.7   627.8   675.2   735.1   830.8  1028.2  1330.2  2590.3  7101.9 102813.5   105000  1777987017595  1777987019793
read      503.3   214.3    86.8   246.6   288.7   453.5   552.3   626.2   676.7   730.8   790.6   868.8  1048.7  1461.4  4976.7 114030.0   115000  1777987021297  1777987023500
read      567.4   220.7   109.4   335.3   365.0   487.9   598.1   731.4   785.4   833.3   882.5   948.0  1085.3  1459.4  5565.0 113842.9   125000  1777987025004  1777987027209
Warning! Detected max cpu usage > 95%
CPU Usage Stats (avg/min/max): 51.50%,3.00%,100.00%
