#type       avg     std     min      p5     p10     p50     p67     p75     p80     p85     p90     p95     p99    p999   p9999      QPS   target       ts_start         ts_end
read      253.0   138.6   109.4   174.2   188.8   242.7   263.7   274.4   284.3   294.7   310.8   336.6   406.1  2037.4  6979.1   4990.5     5000  1777986496943  1777986499195
read      276.7   116.2    93.8   160.8   183.8   272.8   301.3   317.2   328.8   341.7   359.6   387.8   454.4  1437.8  5136.8  14906.0    15000  1777986500699  1777986502941
read      294.1   116.8    93.8   149.0   168.1   293.1   334.1   354.8   369.4   387.5   409.6   447.4   527.3   856.8  1886.6  24955.0    25000  1777986504445  1777986506656
read      306.8   127.3    86.8   141.7   159.3   301.0   354.9   382.5   401.5   425.5   455.4   500.9   599.3  1244.3  2465.0  35303.0    35000  1777986508160  1777986510362
read      306.7   132.4    86.8   139.4   156.0   293.5   354.8   388.0   411.7   439.7   474.6   525.7   624.9  1088.1  1995.8  44939.5    45000  1777986511865  1777986514067
read      318.4   157.5    80.4   139.9   157.7   295.5   364.1   403.3   432.5   465.6   505.9   568.3   686.6  1134.9  3238.8  54870.8    55000  1777986515571  1777986517770
read      355.7   181.1    80.4   150.1   172.7   325.5   401.1   448.5   482.4   520.3   567.1   637.6   852.4  1470.8  5686.7  65011.9    65000  1777986519274  1777986521477
read      884.4   438.5    86.8   280.4   470.8   834.8   874.6   910.5   933.0  1006.5  1530.0  1667.3  1822.5  7058.0 12222.7  68979.2    75000  1777986522980  1777986525180
read      916.6   430.4   109.4   607.4   677.1   817.2   865.3   906.7   939.2  1202.9  1500.3  1616.6  1824.2  7212.6 10066.5  71139.8    85000  1777986526684  1777986528887
read      843.3   363.5   118.1   586.3   615.4   732.8   788.4   835.1   917.5  1253.3  1361.0  1461.9  1615.0  7047.8  7787.9  77870.7    95000  1777986530391  1777986532592
read      906.7   395.1   109.4   650.5   685.6   797.4   847.7   873.6   924.7  1292.7  1468.2  1582.4  1736.4  7127.8  9331.2  72693.2   105000  1777986534097  1777986536299
read      962.1   418.4   173.5   689.2   718.6   842.0   892.9   931.1   988.7  1403.0  1558.2  1678.4  1851.5  7239.0  8127.2  68664.0   115000  1777986537803  1777986540005
read      918.5   406.6   127.6   642.6   681.5   811.1   861.3   903.9   943.3  1286.3  1477.7  1600.3  1763.3  7211.7 10051.7  71924.5   125000  1777986541509  1777986543713
Warning! Detected max cpu usage > 95%
CPU Usage Stats (avg/min/max): 51.25%,2.50%,100.00%
