#type       avg     std     min      p5     p10     p50     p67     p75     p80     p85     p90     p95     p99    p999   p9999      QPS   target       ts_start         ts_end
read      252.1    98.1   109.4   171.7   187.4   241.8   263.5   274.9   285.2   295.8   312.4   339.7   479.6  1284.6  3172.6   4978.5     5000  1777987146355  1777987148615
read      290.7    95.4    93.8   166.1   191.4   287.4   319.2   336.4   347.4   362.6   380.3   411.6   492.9  1083.0  3871.3  14961.0    15000  1777987150119  1777987152361
read      307.0   112.2    86.8   148.7   168.1   305.4   350.4   372.8   390.0   409.0   434.1   477.2   564.3   796.5  2377.8  24947.0    25000  1777987153864  1777987156063
read      309.3   119.5    86.8   141.0   158.3   301.6   359.3   388.8   409.1   433.8   467.8   512.7   600.4   790.8  1935.8  35083.5    35000  1777987157566  1777987159766
read      324.5   156.7    86.8   138.8   155.6   306.8   376.8   413.9   440.8   473.0   509.5   565.9   685.9  1480.7  3870.1  45039.3    45000  1777987161269  1777987163468
read      339.3   163.2    86.8   138.3   155.6   311.8   397.5   444.2   477.9   513.1   557.2   621.3   769.7  1182.3  2423.6  54934.0    55000  1777987164973  1777987167175
read      386.7   235.7    80.4   141.3   160.1   325.5   444.8   509.4   551.7   601.1   668.8   789.7  1178.1  1950.6  2357.8  64703.5    65000  1777987168678  1777987170881
read      929.1  1618.4    86.8   163.8   186.2   307.0   400.7   469.1   547.2  1490.9  3026.5  5478.2  7213.6  9235.8 14551.0  67970.4    75000  1777987172385  1777987174589
read      914.8  1837.4    86.8   165.6   189.0   295.9   337.2   364.5   389.3   432.0  3340.1  6220.8  7538.8  9356.2 12744.7  74672.8    85000  1777987176093  1777987178292
read      950.6  1878.3    86.8   171.8   194.9   307.7   353.5   384.6   412.0   460.7  4002.0  6254.3  7619.1  9686.8 11551.9  71894.9    95000  1777987179796  1777987181998
read     1050.4  1974.6    93.8   187.1   210.6   337.3   399.7   439.9   473.5   538.8  5819.0  6355.5  7584.3  9552.0 12749.1  65498.9   105000  1777987183503  1777987185703
read     1027.6  1948.6    93.8   183.4   207.2   331.5   391.9   430.2   464.1   526.1  5319.1  6325.9  7557.0 10018.7 13147.1  66641.8   115000  1777987187207  1777987189408
read     1063.7  1988.8    93.8   189.5   212.7   343.3   411.7   453.6   489.4   555.2  5562.7  6369.3  7859.3 10008.1 11890.0  64361.2   125000  1777987190913  1777987193112
Warning! Detected max cpu usage > 95%
CPU Usage Stats (avg/min/max): 51.49%,2.99%,100.00%
