#type       avg     std     min      p5     p10     p50     p67     p75     p80     p85     p90     p95     p99    p999   p9999      QPS   target       ts_start         ts_end
read      258.1   259.7   109.4   172.6   187.8   241.1   261.5   272.6   281.3   291.3   305.2   329.4   442.5  3783.4  9876.6   4955.5     5000  1777986558619  1777986560876
read      285.1    85.5   101.3   162.5   187.7   282.9   313.8   330.6   341.8   356.1   372.9   401.3   489.2   807.9  1745.5  15030.0    15000  1777986562380  1777986564624
read      299.0   100.7    93.8   150.8   168.8   297.1   340.5   363.4   379.4   398.3   422.0   458.5   539.4   811.3  1589.8  25178.5    25000  1777986566127  1777986568327
read      307.3   136.0    86.8   140.7   157.5   298.3   354.4   383.8   403.6   428.1   459.3   502.3   596.1  1515.7  2930.2  34879.5    35000  1777986569830  1777986572032
read      327.4   154.9    86.8   140.9   157.6   310.3   378.6   418.6   447.7   480.9   519.7   578.1   699.1  1010.0  4512.0  45218.5    45000  1777986573537  1777986575737
read      334.1   171.3    86.8   137.2   152.4   302.2   385.0   436.2   474.3   514.8   562.5   632.0   802.8  1183.0  2379.3  54810.4    55000  1777986577240  1777986579441
read      381.5   251.9    86.8   143.4   161.0   303.6   415.6   501.6   557.7   617.6   693.4   829.6  1201.6  1876.5  6081.1  64853.0    65000  1777986580945  1777986583145
read     1027.4  1249.7    93.8   297.3   323.4   462.2   681.7   761.9   837.4  3275.9  3446.8  3684.1  4047.5  8013.7  9492.3  65091.4    75000  1777986584649  1777986586859
read      997.1  1247.9   118.1   285.0   310.2   443.2   656.7   735.1   800.1  3255.8  3426.1  3661.1  4058.8  8033.7 10707.1  67321.5    85000  1777986588363  1777986590563
read      943.0  1215.6   101.3   259.9   285.7   434.4   608.2   675.1   733.4  2943.2  3410.0  3619.0  3998.0  8041.0 10244.0  71061.5    95000  1777986592067  1777986594270
read     1003.1  1240.0   101.3   285.0   311.5   454.5   660.2   734.2   800.0  3262.3  3434.6  3654.8  4025.8  8048.9  9997.2  67045.3   105000  1777986595774  1777986597973
read     1011.5  1252.1   109.4   280.8   309.4   469.2   658.2   735.7   803.0  3260.7  3452.9  3671.8  4064.7  8036.9 10099.0  66362.9   115000  1777986599477  1777986601678
read      943.3  1218.8   109.4   259.6   285.4   439.9   602.9   670.7   730.7  3046.8  3409.2  3618.4  3988.2  8066.8 12691.5  71409.4   125000  1777986603182  1777986605385
Warning! Detected max cpu usage > 95%
CPU Usage Stats (avg/min/max): 50.75%,1.49%,100.00%
