#type       avg     std     min      p5     p10     p50     p67     p75     p80     p85     p90     p95     p99    p999   p9999      QPS   target       ts_start         ts_end
read      250.6   131.6   101.3   178.0   192.4   242.3   260.9   270.8   278.0   288.3   299.9   321.1   391.3  1618.8  7257.6   4992.5     5000  1777986928357  1777986930621
read      269.4    92.5    93.8   169.4   190.8   267.5   291.2   304.6   314.3   325.6   340.8   365.4   428.2   672.9  4231.2  15099.5    15000  1777986932126  1777986934366
read      287.4    93.1    93.8   158.8   177.9   288.2   321.4   339.2   351.4   366.3   385.1   414.1   493.2   676.9  3238.0  24888.0    25000  1777986935869  1777986938069
read      279.3    93.8    86.8   145.6   161.7   280.1   317.5   337.6   351.3   367.2   388.5   424.5   522.8   714.3  1557.2  34980.5    35000  1777986939572  1777986941773
read      279.5   106.2    86.8   136.3   151.5   279.1   325.6   347.6   363.6   381.4   403.0   440.8   544.8   860.8  1615.9  45042.2    45000  1777986943276  1777986945477
read      284.7   152.7    86.8   135.7   150.4   273.0   326.9   353.8   371.8   394.3   423.4   471.0   618.7  1340.0  5869.7  55093.9    55000  1777986946980  1777986949180
read      277.1   124.2    86.8   132.5   146.9   263.4   318.2   345.8   365.7   388.9   419.1   468.1   613.7  1151.5  2037.0  64987.5    65000  1777986950684  1777986952888
read      283.7   150.2    86.8   134.0   149.0   264.8   320.5   349.3   370.2   395.2   428.6   488.1   652.6  1896.7  2892.1  74539.9    75000  1777986954391  1777986956593
read      289.1   146.4    86.8   138.2   153.4   266.5   324.6   356.4   378.9   405.5   442.4   504.3   668.5  1817.5  2866.8  84778.3    85000  1777986958097  1777986960310
read      339.7   189.6    86.8   148.5   168.5   307.6   372.8   413.0   445.1   486.3   543.3   641.7   898.8  1358.1  6456.0  95160.9    95000  1777986961814  1777986964018
read      490.4   294.2    86.8   170.9   202.9   428.8   557.6   627.2   677.7   739.1   836.1  1050.3  1341.6  1763.2  7333.1 103253.5   105000  1777986965522  1777986967723
read      545.2   208.5   101.3   305.5   342.3   479.5   578.0   683.8   747.1   801.7   855.4   922.7  1043.8  1291.1  3759.1 113117.7   115000  1777986969227  1777986971429
read      590.2   242.1   118.1   343.8   376.5   513.1   619.5   740.1   805.1   862.2   923.1  1001.7  1154.8  1479.2  7168.5 109285.7   125000  1777986972934  1777986975134
Warning! Detected max cpu usage > 95%
CPU Usage Stats (avg/min/max): 50.25%,0.50%,100.00%
