#type       avg     std     min      p5     p10     p50     p67     p75     p80     p85     p90     p95     p99    p999   p9999      QPS   target       ts_start         ts_end
read      246.5    85.3   118.1   175.1   189.0   240.9   259.8   270.3   277.8   288.4   300.5   320.3   377.0  1220.7  4073.4   4972.0     5000  1777986234066  1777986236322
read      276.6    75.6    93.8   161.0   184.3   274.9   304.0   318.8   330.4   342.9   360.6   387.6   459.1   624.5  2200.4  14982.0    15000  1777986237827  1777986240066
read      287.9   105.3    86.8   144.9   163.3   286.7   324.9   344.5   359.9   376.7   399.4   436.2   530.7  1040.0  3233.1  24983.0    25000  1777986241570  1777986243770
read      297.7   117.6    80.4   141.5   158.3   292.4   343.7   370.6   389.6   411.3   441.0   483.0   574.6   975.2  2372.1  35103.5    35000  1777986245275  1777986247475
read      305.6   138.8    86.8   139.2   155.6   292.5   353.1   386.3   410.2   439.5   473.5   524.4   619.4   773.3  5247.0  44938.0    45000  1777986248978  1777986251177
read      314.3   148.7    80.4   139.7   158.2   294.8   360.5   397.7   426.5   459.0   498.0   555.6   662.2   845.9  4575.6  54933.5    55000  1777986252682  1777986254887
read      387.2   205.9    86.8   155.0   180.2   350.0   436.2   486.1   522.6   565.7   622.9   730.8  1039.2  1504.7  4805.6  64797.0    65000  1777986256391  1777986258593
read      951.8   404.5   101.3   689.1   724.1   845.7   892.7   924.6   948.3  1190.6  1549.7  1677.8  1841.9  7205.3  7936.0  68754.0    75000  1777986260098  1777986262298
read      984.4   478.8   137.8   663.4   715.1   867.4   926.8   974.7  1029.9  1391.4  1570.1  1705.9  1877.0  7362.7 14411.9  67308.9    85000  1777986263802  1777986266006
read      947.9   398.9   187.4   678.0   712.7   835.0   884.0   925.6   974.7  1352.9  1537.4  1653.9  1825.4  7192.0  8080.8  69526.5    95000  1777986267512  1777986269713
read      997.8   423.5   127.6   722.6   760.7   882.5   929.7   966.2  1003.9  1326.3  1620.9  1738.9  1885.9  7278.6  8118.7  66266.2   105000  1777986271217  1777986273416
read     1000.3   423.5   173.5   735.2   766.2   884.9   931.3   968.3  1003.4  1195.3  1622.7  1738.9  1925.2  7279.0  8690.4  66134.0   115000  1777986274919  1777986277122
read      921.8   406.1   127.6   673.1   705.4   807.2   851.8   873.0   921.4  1309.8  1506.8  1603.6  1736.9  7225.4  9088.0  71619.5   125000  1777986278626  1777986280829
Warning! Detected max cpu usage > 95%
CPU Usage Stats (avg/min/max): 51.26%,2.51%,100.00%
