#type       avg     std     min      p5     p10     p50     p67     p75     p80     p85     p90     p95     p99    p999   p9999      QPS   target       ts_start         ts_end
read      249.8   121.5   109.4   175.6   189.6   241.2   260.9   271.9   280.6   291.2   305.0   325.1   389.8  1967.2  6982.3   4961.5     5000  1777986444848  1777986447108
read      276.4    89.3    93.8   159.5   183.6   271.2   299.1   315.8   327.8   341.6   361.4   394.0   504.6  1065.3  2286.4  15078.1    15000  1777986448612  1777986450851
read      294.4   103.9    93.8   146.9   165.5   293.5   333.1   353.9   369.1   388.2   412.0   451.0   541.7   845.6  1936.0  25021.5    25000  1777986452354  1777986454558
read      300.0   119.5    86.8   141.0   158.1   292.3   342.4   369.7   389.7   413.0   445.0   495.7   610.5   940.3  2470.6  35016.0    35000  1777986456062  1777986458263
read      312.8   160.6    86.8   137.0   154.6   296.2   356.5   390.0   414.6   443.8   480.7   539.9   671.8  2086.0  3452.0  44988.2    45000  1777986459767  1777986461968
read      332.0   147.3    86.8   144.6   164.2   310.6   379.2   420.1   450.3   485.0   528.5   591.0   727.4  1018.4  2646.1  55218.3    55000  1777986463472  1777986465675
read      382.8   190.4    86.8   159.7   187.1   352.4   431.2   479.9   515.7   557.2   609.3   690.2   904.5  1253.8  4066.1  65183.4    65000  1777986467179  1777986469388
read      941.5   395.5   127.6   662.3   705.6   835.4   884.8   924.3   966.7  1316.5  1521.2  1646.9  1821.7  7178.1  8114.7  69468.4    75000  1777986470893  1777986473094
read      994.5   425.4   101.3   666.2   726.5   884.0   938.6   992.1  1060.8  1383.2  1591.0  1727.2  1916.2  7218.2  9227.2  66359.4    85000  1777986474598  1777986476804
read      990.8   432.1   160.7   693.1   734.6   869.7   926.2   972.1  1029.4  1419.3  1593.9  1716.0  1878.3  7298.6  8096.0  66820.4    95000  1777986478308  1777986480512
read     1005.0   441.2   160.7   744.2   770.4   883.3   928.4   961.8  1001.7  1357.8  1635.2  1740.6  1907.0  7328.3  9817.1  66006.5   105000  1777986482017  1777986484218
read     1003.1   457.9   187.4   733.2   768.5   890.9   935.2   972.8  1003.3  1123.8  1628.4  1752.7  1945.5  7362.9 10218.3  66141.5   115000  1777986485723  1777986487925
read      970.2   424.4   148.8   704.7   743.1   849.9   897.8   930.0   972.3  1389.1  1579.6  1691.7  1855.3  7265.0  9726.6  68117.8   125000  1777986489429  1777986491632
Warning! Detected max cpu usage > 95%
CPU Usage Stats (avg/min/max): 50.50%,1.00%,100.00%
