#type       avg     std     min      p5     p10     p50     p67     p75     p80     p85     p90     p95     p99    p999   p9999      QPS   target       ts_start         ts_end
read      253.5    95.2   109.4   174.5   189.9   244.9   266.6   278.7   288.2   298.1   314.7   341.2   432.1  1235.9  3232.1   5002.5     5000  1777986610713  1777986612980
read      282.7    94.1    93.8   163.5   188.0   279.0   309.6   326.2   338.3   352.1   369.9   399.4   487.1   902.4  2998.4  14881.5    15000  1777986614485  1777986616742
read      307.5   112.3    86.8   153.9   174.8   304.3   347.2   369.7   386.4   404.5   430.8   468.6   560.3  1383.7  2359.3  25134.5    25000  1777986618245  1777986620446
read      314.2   127.5    86.8   145.5   163.0   306.0   361.7   391.1   411.4   434.2   466.8   512.4   618.1  1308.9  2564.6  35062.5    35000  1777986621950  1777986624149
read      330.3   162.9    86.8   142.1   159.4   311.4   378.5   417.4   446.2   479.5   519.8   581.6   711.4  1760.8  4515.5  44961.5    45000  1777986625653  1777986627850
read      348.4   185.9    86.8   144.1   161.2   310.2   396.2   451.6   491.0   533.5   584.7   662.0   855.5  1598.3  3199.2  54825.4    55000  1777986629355  1777986631556
read      546.7   548.8    86.8   161.2   185.9   367.4   493.8   604.3   703.9   852.7  1097.6  1658.2  2711.6  6094.1  8097.6  64833.5    65000  1777986633061  1777986635263
read      969.0  1219.0   109.4   271.5   298.7   445.5   635.8   705.9   765.6  3235.0  3418.1  3626.6  4003.4  8023.8  9834.6  68564.0    75000  1777986636768  1777986638968
read     1044.8  1277.3   118.1   295.4   324.4   472.4   688.5   775.4   854.4  3285.9  3468.4  3713.3  4066.8  8073.9 11978.6  64182.5    85000  1777986640472  1777986642672
read      933.7  1196.9    93.8   258.5   284.8   434.0   600.5   674.4   737.2  2502.4  3397.2  3608.8  3990.1  8020.0 10140.2  71884.4    95000  1777986644176  1777986646375
read      929.7  1114.0   101.3   238.4   266.9   461.7   600.2   766.1  1392.9  1813.4  3095.1  3499.8  4163.1  7995.9 11405.4  71877.6   105000  1777986647879  1777986650081
read      997.2  1239.3   109.4   276.1   304.2   463.8   639.3   729.1   805.7  3250.0  3433.9  3662.5  4053.8  8048.6 10055.8  67459.5   115000  1777986651585  1777986653783
read      982.2  1239.5   101.3   270.0   298.1   458.4   628.0   713.5   786.4  3244.8  3424.8  3647.2  4044.0  8034.7 10222.2  68643.4   125000  1777986655287  1777986657488
Warning! Detected max cpu usage > 95%
CPU Usage Stats (avg/min/max): 50.99%,1.98%,100.00%
