#type       avg     std     min      p5     p10     p50     p67     p75     p80     p85     p90     p95     p99    p999   p9999      QPS   target       ts_start         ts_end
read      244.3   102.3   109.4   170.6   184.7   237.2   257.5   268.7   275.9   287.2   299.6   323.2   392.5  1225.4  5990.4   4917.5     5000  1777986392755  1777986395009
read      290.7   122.9    93.8   160.0   184.7   276.9   308.7   326.0   339.4   356.9   382.7   436.8   717.6  1897.3  2518.4  14972.5    15000  1777986396513  1777986398755
read      301.4   127.5    93.8   149.4   169.1   298.2   337.6   358.5   372.8   392.6   418.2   462.1   593.6  1166.3  5993.4  24886.0    25000  1777986400260  1777986402462
read      303.9   119.9    86.8   141.8   159.1   298.1   350.0   377.4   397.9   423.0   454.8   501.6   597.7   758.4  2563.3  35130.0    35000  1777986403967  1777986406169
read      311.6   133.1    86.8   140.7   157.9   297.5   359.7   393.2   418.5   448.6   485.2   538.4   639.2   918.7  3150.2  45134.5    45000  1777986407674  1777986409875
read      319.5   137.0    80.4   139.7   158.3   301.1   366.6   404.3   434.0   466.6   506.9   567.7   683.6   882.1  1423.5  54952.5    55000  1777986411378  1777986413581
read      360.0   173.5    86.8   152.8   176.5   332.1   407.5   453.9   486.6   525.6   573.6   641.0   816.8  1218.1  4289.2  64800.0    65000  1777986415085  1777986417286
read      953.5   423.5   109.4   617.6   698.9   851.5   906.6   937.8   998.3  1295.4  1543.6  1683.3  1858.9  7221.2  8105.1  68184.8    75000  1777986418790  1777986420992
read      968.2   427.4   137.8   699.4   738.1   854.5   905.5   934.9   980.5  1274.4  1569.1  1694.0  1860.2  7328.4  9451.1  68314.4    85000  1777986422495  1777986424696
read      967.1   429.8   148.8   698.8   733.6   852.0   902.3   931.8   972.4  1315.7  1562.9  1686.1  1856.3  7216.8  9258.9  68347.0    95000  1777986426199  1777986428400
read      892.1   408.8    93.8   520.7   600.3   791.0   861.9   940.0  1088.9  1281.5  1426.1  1561.9  1775.1  7127.4  9130.9  73674.5   105000  1777986429903  1777986432104
read      933.6   398.7   127.6   661.4   699.3   822.6   870.4   915.5   955.4  1332.2  1508.8  1617.4  1799.5  7203.0  8084.9  70751.0   115000  1777986433609  1777986435811
read      980.6   419.6   218.6   717.2   755.2   864.0   912.0   936.3   977.9  1303.0  1593.9  1713.5  1869.0  7265.8  9177.3  67481.0   125000  1777986437315  1777986439518
Warning! Detected max cpu usage > 95%
CPU Usage Stats (avg/min/max): 51.25%,2.50%,100.00%
