#type       avg     std     min      p5     p10     p50     p67     p75     p80     p85     p90     p95     p99    p999   p9999      QPS   target       ts_start         ts_end
read      249.4   125.7   101.3   173.0   187.4   237.9   258.0   269.5   277.6   289.5   304.4   331.0   463.5  1496.9  4071.5   5001.0     5000  1777987201084  1777987203349
read      261.5    81.2    93.8   161.1   182.5   258.4   281.6   293.8   303.7   315.7   332.4   359.2   451.1  1032.5  2036.8  14999.0    15000  1777987204854  1777987207093
read      276.6    88.0    86.8   152.3   169.8   277.9   310.0   326.8   338.8   352.6   370.2   398.6   475.7   769.1  2034.5  25150.5    25000  1777987208597  1777987210804
read      282.4   108.8    93.8   144.4   160.8   280.3   320.8   341.6   356.3   372.2   395.9   434.4   543.2   991.1  3425.4  35056.8    35000  1777987212308  1777987214510
read      284.8   114.5    86.8   137.5   152.4   281.7   328.0   351.8   368.4   389.0   415.4   460.7   570.1  1244.0  2228.6  45078.5    45000  1777987216014  1777987218215
read      290.6   135.1    86.8   134.2   149.4   278.6   332.0   360.0   380.1   404.9   441.5   505.6   649.3  1243.4  2185.2  54931.0    55000  1777987219719  1777987221921
read      287.4   167.5    86.8   132.9   146.3   261.7   321.1   354.5   379.2   410.5   456.3   527.3   688.3  1954.3  3966.1  65245.1    65000  1777987223424  1777987225627
read      294.3   169.5    86.8   134.2   147.8   260.6   322.9   359.4   388.3   427.3   485.6   571.7   798.0  1725.9  4368.9  74800.7    75000  1777987227131  1777987229331
read      303.6   196.0    86.8   134.5   148.7   257.4   321.4   362.5   397.2   446.2   520.0   632.2   912.0  1781.8  6592.4  84840.1    85000  1777987230836  1777987233037
read      361.6   343.3    86.8   142.3   159.5   279.3   349.4   400.9   450.0   522.7   627.9   808.8  1635.0  3834.1  8072.7  94871.9    95000  1777987234541  1777987236746
read      600.9   832.5    86.8   180.8   209.2   365.9   447.3   506.4   566.9   663.4   828.4  2880.5  3915.4  7795.8  9408.6 102846.9   105000  1777987238249  1777987240450
read      615.1   870.8    93.8   208.9   236.2   383.2   466.3   516.0   553.6   603.2   687.5  3259.2  4028.8  7848.0  9533.2 106600.1   115000  1777987241955  1777987244155
read      573.0   802.9    93.8   190.1   218.7   355.0   423.2   474.0   521.1   587.0   703.8  2575.5  3744.5  7696.4  8137.5 113806.9   125000  1777987245658  1777987247859
Warning! Detected max cpu usage > 95%
CPU Usage Stats (avg/min/max): 51.01%,2.02%,100.00%
