#type       avg     std     min      p5     p10     p50     p67     p75     p80     p85     p90     p95     p99    p999   p9999      QPS   target       ts_start         ts_end
read      250.0    81.6   118.1   177.5   192.1   244.2   263.8   274.1   282.9   292.3   305.3   324.5   391.2  1208.7  3771.9   4968.5     5000  1777986286174  1777986288427
read      279.3   114.0   101.3   162.0   185.9   275.6   304.0   319.3   331.0   343.3   361.7   390.9   468.5  1482.4  5984.2  14966.0    15000  1777986289931  1777986292168
read      296.6    96.3    93.8   152.1   170.5   296.5   337.2   358.8   373.5   392.2   415.5   453.2   533.0   671.3  1999.3  24971.5    25000  1777986293673  1777986295874
read      312.6   141.6    86.8   144.4   162.8   305.3   357.4   384.9   403.8   430.0   463.8   519.4   640.4   968.8  2769.5  35149.0    35000  1777986297377  1777986299578
read      307.4   133.0    86.8   138.6   155.0   293.4   354.1   388.2   412.7   443.1   479.3   531.2   631.6   882.4  2624.2  45042.0    45000  1777986301083  1777986303284
read      331.2   162.6    86.8   146.6   166.0   308.1   376.3   417.4   447.9   481.9   525.0   586.9   730.7  1256.2  3314.4  55227.5    55000  1777986304788  1777986306993
read      344.2   153.5    86.8   152.7   175.0   318.0   390.7   436.7   468.4   505.4   549.7   613.0   737.3   969.7  4002.3  64599.0    65000  1777986308498  1777986310703
read     1014.8   423.5   127.6   682.8   751.6   911.3   970.4  1007.1  1060.6  1305.6  1625.7  1782.5  1993.0  7256.7  8075.5  64802.1    75000  1777986312207  1777986314409
read      951.2   412.0   137.8   675.7   712.7   836.7   887.9   928.8   985.7  1368.2  1538.9  1656.8  1828.6  7226.3  9640.3  69367.0    85000  1777986315915  1777986318116
read      886.1   394.4   160.7   643.4   671.0   777.6   820.1   855.5   891.9  1283.4  1445.2  1552.3  1703.4  7131.1 10121.1  74340.2    95000  1777986319619  1777986321822
read      902.2   394.0   101.3   649.5   684.3   792.3   840.3   867.3   914.7  1299.9  1464.1  1572.6  1722.2  7196.5  9262.0  73166.5   105000  1777986323326  1777986325527
read      954.7   403.9   118.1   699.5   733.3   846.5   892.1   923.8   944.3  1163.7  1550.0  1674.7  1840.1  7184.9  9643.1  69166.0   115000  1777986327031  1777986329231
read      910.6   401.8   148.8   631.6   671.0   798.0   853.5   896.2   951.4  1318.9  1464.0  1580.2  1736.7  7200.4 10161.4  72413.0   125000  1777986330736  1777986332938
Warning! Detected max cpu usage > 95%
CPU Usage Stats (avg/min/max): 51.25%,2.50%,100.00%
