#type       avg     std     min      p5     p10     p50     p67     p75     p80     p85     p90     p95     p99    p999   p9999      QPS   target       ts_start         ts_end
read      240.5   126.4   101.3   171.7   184.6   234.2   252.5   263.3   270.5   279.5   291.7   312.6   369.5  1170.9  8790.9   4995.5     5000  1777987411849  1777987414114
read      266.6    95.4   101.3   166.0   187.9   265.3   288.7   300.9   310.5   320.2   336.6   360.5   416.6   684.4  4070.7  15029.0    15000  1777987415617  1777987417855
read      278.3    99.0    93.8   157.8   176.2   278.5   309.4   325.5   337.3   350.1   367.5   395.1   461.2   891.6  3922.4  24837.0    25000  1777987419359  1777987421559
read      277.6    95.5    86.8   146.7   163.0   278.6   317.0   336.2   349.0   364.6   383.6   412.5   489.0   864.3  2516.9  35145.6    35000  1777987423063  1777987425263
read      274.1   124.7    86.8   140.1   154.6   271.2   316.3   337.9   352.5   368.7   390.2   423.3   515.8   837.8  4067.6  45131.5    45000  1777987426767  1777987428966
read      273.0   109.8    86.8   135.0   149.8   265.4   317.1   342.0   358.9   377.1   401.4   441.2   553.9   892.2  1886.0  54988.9    55000  1777987430470  1777987432673
read      268.9   110.5    86.8   134.7   148.7   254.4   308.7   336.2   354.9   375.0   401.4   446.7   592.2   991.3  1773.4  65134.0    65000  1777987434176  1777987436375
read      267.5   124.6    80.4   132.6   146.1   249.3   304.9   332.5   351.4   372.9   401.3   452.7   632.8  1063.8  2343.0  75223.5    75000  1777987437880  1777987440081
read      282.8   181.2    86.8   135.4   149.8   256.3   312.0   340.8   361.0   384.5   416.4   478.1   793.1  2603.8  4109.7  84739.7    85000  1777987441585  1777987443787
read      279.8   177.6    86.8   136.1   150.5   252.5   307.3   336.6   357.2   381.0   413.0   471.1   768.9  2418.7  5034.9  94915.8    95000  1777987445292  1777987447491
read      292.3   200.6    86.8   140.1   155.6   262.0   315.4   344.8   366.4   392.7   428.8   499.9   854.7  2971.4  4057.4 104710.2   105000  1777987448994  1777987451206
read      330.3   261.7    86.8   148.0   165.8   285.8   346.8   383.4   411.7   450.0   505.3   610.7  1010.3  3465.5  7652.5 114929.2   115000  1777987452710  1777987454910
read      351.6   242.4    86.8   156.1   176.9   308.4   373.6   414.5   447.6   491.2   555.3   661.8   916.6  3383.4  7098.8 125262.4   125000  1777987456414  1777987458615
Warning! Detected max cpu usage > 95%
CPU Usage Stats (avg/min/max): 51.01%,2.01%,100.00%
