#type       avg     std     min      p5     p10     p50     p67     p75     p80     p85     p90     p95     p99    p999   p9999      QPS   target       ts_start         ts_end
read      256.3   130.4   109.4   174.7   189.6   244.8   265.7   277.2   287.1   297.0   313.1   338.2   488.1  1659.4  4396.8   5007.5     5000  1777987042153  1777987044407
read      290.9    96.3   101.3   165.1   188.9   288.3   320.4   337.9   349.5   364.6   383.1   412.8   492.8  1065.1  3110.5  15083.0    15000  1777987045911  1777987048150
read      304.8   111.6    93.8   150.3   169.9   301.8   346.7   369.5   386.0   403.9   430.1   471.6   555.8   913.3  2883.2  24942.5    25000  1777987049656  1777987051856
read      312.0   132.5    86.8   141.8   159.4   304.8   361.1   389.7   409.6   433.2   465.4   509.8   619.2  1233.5  2984.7  35180.5    35000  1777987053360  1777987055560
read      328.9   148.7    86.8   140.9   158.3   312.5   382.4   419.6   446.9   479.2   516.3   573.6   689.4  1282.5  2374.5  45072.0    45000  1777987057064  1777987059265
read      335.3   161.2    86.8   138.1   154.8   308.4   392.5   437.0   470.3   505.1   548.2   612.4   761.4  1254.1  2376.9  54823.4    55000  1777987060769  1777987062970
read      813.3  1291.8    86.8   163.7   187.0   319.5   406.5   507.0   733.4  1361.4  2365.4  4132.1  6076.3  8022.7  9963.4  65033.4    65000  1777987064474  1777987066675
read      854.2  1474.8    86.8   159.7   180.9   299.0   371.2   432.3   542.0  1357.3  2722.0  4775.9  7089.7  9142.7 10248.3  72438.2    75000  1777987068179  1777987070381
read     1038.5  1941.5    86.8   184.1   208.1   338.5   396.7   433.5   467.8   538.9  5264.5  6325.8  7600.3  9360.9 12386.7  66059.7    85000  1777987071885  1777987074085
read      992.3  1873.0    86.8   177.3   202.0   324.8   380.6   419.1   455.7   539.7  3863.6  6232.2  7830.1  9396.9 12400.3  68860.7    95000  1777987075589  1777987077788
read      981.4  1869.5    86.8   175.8   200.1   319.9   373.8   411.3   446.7   519.6  4080.6  6238.1  7740.1  9445.9 10983.5  69447.9   105000  1777987079292  1777987081495
read     1011.4  1940.6    93.8   175.7   200.9   319.8   376.1   418.6   458.0   530.6  5429.8  6328.6  7483.9  9448.0 12534.4  67942.0   115000  1777987082999  1777987085202
read      999.1  1926.4    93.8   182.8   206.0   305.5   374.4   424.9   466.2   533.5  5155.0  6311.9  7588.3  9411.8 12307.9  68594.0   125000  1777987086706  1777987088906
Warning! Detected max cpu usage > 95%
CPU Usage Stats (avg/min/max): 51.74%,3.48%,100.00%
