#type       avg     std     min      p5     p10     p50     p67     p75     p80     p85     p90     p95     p99    p999   p9999      QPS   target       ts_start         ts_end
read      250.4    83.7   118.1   176.6   190.8   244.7   263.9   273.7   282.0   291.3   303.7   324.0   392.6  1175.3  3774.5   4925.5     5000  1777987305277  1777987307542
read      270.7    76.2   101.3   169.5   190.2   269.6   293.6   307.3   316.5   328.5   343.2   367.3   426.9   792.0  3772.9  14904.5    15000  1777987309045  1777987311289
read      280.2    86.2    93.8   153.0   171.3   281.7   314.3   331.3   342.6   356.9   373.2   401.9   474.9   918.4  1680.6  25073.0    25000  1777987312793  1777987314991
read      288.2   101.3    86.8   145.5   161.9   286.8   328.7   350.6   366.0   383.8   405.0   444.7   551.4  1043.6  1464.9  35157.0    35000  1777987316494  1777987318698
read      289.1   124.5    86.8   137.1   152.9   285.0   334.3   359.1   375.6   396.8   424.8   471.0   582.2   984.4  2573.9  44802.3    45000  1777987320203  1777987322404
read      283.0   121.7    86.8   134.8   149.1   268.1   324.8   354.7   375.0   400.6   434.2   492.0   624.6   981.4  1886.4  54947.8    55000  1777987323908  1777987326108
read      290.9   154.8    86.8   133.1   147.0   268.1   326.8   359.0   383.3   414.6   459.7   530.6   713.3  1695.1  2844.0  65123.2    65000  1777987327612  1777987329811
read      294.9   197.2    86.8   133.1   146.6   256.7   319.9   358.0   387.7   427.2   484.1   570.0   799.8  2616.7  5421.9  75021.0    75000  1777987331315  1777987333514
read      320.2   247.6    86.8   136.2   150.5   261.2   331.1   374.5   412.1   465.2   540.3   676.1  1180.9  2954.1  7242.1  85267.9    85000  1777987335018  1777987337218
read      486.4   629.2    86.8   157.5   180.8   324.4   403.1   462.0   512.9   583.5   706.1  1463.2  3453.0  7124.6  8135.3  94483.6    95000  1777987338721  1777987340922
read      481.8   636.1    86.8   158.1   180.2   308.8   377.6   427.6   471.7   545.5   745.8  1664.3  3377.8  7214.5  8682.6 104961.9   105000  1777987342425  1777987344626
read      627.8   873.7    93.8   218.9   244.6   389.7   485.1   535.3   571.3   616.9   693.9  3300.5  3945.7  7814.2  9497.9 104650.5   115000  1777987346129  1777987348328
read      591.0   853.3    93.8   197.4   225.2   365.3   442.3   493.3   532.7   583.5   669.6  3250.3  3944.4  7812.6  9833.0 110829.6   125000  1777987349832  1777987352035
Warning! Detected max cpu usage > 95%
CPU Usage Stats (avg/min/max): 51.51%,3.02%,100.00%
