#type       avg     std     min      p5     p10     p50     p67     p75     p80     p85     p90     p95     p99    p999   p9999      QPS   target       ts_start         ts_end
read      256.5    99.5   101.3   159.7   173.8   243.8   276.0   294.5   308.6   324.9   347.8   389.4   482.3   998.2  3209.0  29967.2    30000  1778294216992  1778294227149
read      255.9    96.9   101.3   160.6   174.6   244.4   276.1   294.2   308.2   324.1   346.2   385.1   465.3   781.7  4104.3  29995.2    30005  1778294228663  1778294238791
read      256.5   109.3    93.8   160.7   175.0   244.5   275.8   293.8   307.6   323.2   345.5   384.0   468.0  1075.9  4139.3  30053.2    30010  1778294240304  1778294250409
read      256.1   103.7    93.8   159.7   174.4   244.4   275.8   294.1   307.9   323.5   346.0   384.4   467.5   905.0  3859.4  29924.3    30015  1778294251922  1778294262030
read      258.0    96.4    93.8   162.1   176.6   246.8   278.1   295.8   309.7   325.6   347.5   386.3   468.0   860.0  3360.5  30014.4    30020  1778294263545  1778294273645
read      261.1   105.2    93.8   162.8   177.7   249.6   282.0   300.1   314.1   331.2   354.2   392.1   470.6   724.1  4178.8  30077.9    30025  1778294275158  1778294285259
read      256.0    92.8    93.8   161.6   175.8   244.7   276.0   294.0   307.6   323.0   345.1   383.2   465.5   681.3  3347.0  30004.0    30030  1778294286772  1778294296874
read      256.8   108.5    93.8   161.1   175.3   244.5   275.6   293.4   307.0   322.3   344.9   383.8   468.8  1454.8  4030.1  30101.4    30035  1778294298386  1778294308490
read      256.0   101.1    86.8   160.9   175.1   244.8   275.8   293.7   307.2   322.3   344.5   381.3   462.4   837.3  4206.3  30141.6    30040  1778294310002  1778294320103
read      253.6    90.9    93.8   159.9   174.1   242.3   273.6   291.6   305.0   320.1   342.6   379.2   462.7   675.6  3433.7  30102.8    30045  1778294321616  1778294331721
read      255.7    98.5    93.8   159.6   174.1   244.2   275.6   293.6   307.3   322.9   345.4   383.7   466.7  1044.6  3213.0  30043.1    30050  1778294333234  1778294343335
read      266.6    98.3    93.8   166.2   182.0   255.4   287.6   306.3   319.5   337.5   361.3   398.8   484.7   714.5  3488.8  30015.1    30055  1778294344849  1778294354951
read      260.0    94.9    93.8   162.3   176.9   248.8   281.0   298.8   312.9   329.6   352.3   390.9   471.3   718.4  3675.2  30036.4    30060  1778294356464  1778294366566
read      254.4   102.2    93.8   158.8   173.5   243.4   274.8   292.8   306.1   320.9   343.4   380.2   460.9   824.3  3943.9  30117.2    30065  1778294368079  1778294378181
read      260.5    98.0    86.8   161.5   176.5   249.7   281.9   299.8   313.8   330.9   353.9   391.4   468.9   791.0  3651.2  30126.2    30070  1778294379695  1778294389797
read      259.0   107.1    93.8   159.8   174.9   247.8   280.0   297.9   312.2   329.0   352.1   390.6   471.5   845.0  3838.6  30089.7    30075  1778294391309  1778294401409
read      264.2    97.6    93.8   161.8   176.8   252.4   285.9   305.1   319.0   337.8   362.7   401.3   489.8   903.8  3675.0  30021.0    30080  1778294402923  1778294413035
read      262.5   108.0    86.8   160.4   175.9   250.9   284.0   302.7   316.7   334.6   358.5   396.9   483.0   913.4  4221.4  30102.2    30085  1778294414548  1778294424650
read      263.1   108.1    93.8   162.9   178.2   251.2   283.5   301.8   315.8   333.6   357.4   396.5   482.3   895.8  4351.1  30128.1    30090  1778294426162  1778294436263
read      265.8   109.4    86.8   162.7   178.3   253.9   287.3   306.2   319.7   338.2   362.5   400.6   488.6   964.6  4254.8  30063.8    30095  1778294437775  1778294447878
read      265.6    98.7    93.8   163.4   178.8   253.7   286.6   305.7   319.5   338.4   363.6   402.0   489.9   872.3  3582.1  30037.8    30100  1778294449390  1778294459503
read      254.5    96.0   101.3   158.6   173.3   243.1   274.5   292.6   306.3   321.9   345.0   383.9   467.0   784.6  3380.2  30129.7    30105  1778294461015  1778294471118
read      257.3   102.8    93.8   159.8   174.7   245.5   277.6   295.8   309.9   326.0   347.5   386.3   470.8   923.7  4047.0  30222.0    30110  1778294472630  1778294482732
read      249.1    95.4    93.8   158.0   171.8   238.0   268.6   285.9   297.8   313.8   334.5   368.8   452.6   808.6  3938.0  30204.1    30115  1778294484244  1778294494344
read      251.9    96.0    93.8   158.9   173.2   241.4   272.2   289.8   302.4   317.7   339.6   374.1   456.9   635.7  3374.4  30149.9    30120  1778294495856  1778294505957
read      257.6    95.2    93.8   159.6   174.5   246.5   278.5   296.3   310.5   326.9   349.2   387.8   469.3   809.4  3331.4  30080.3    30125  1778294507469  1778294517568
read      260.3    94.5    93.8   161.9   176.5   248.9   281.3   299.5   313.7   331.0   354.3   393.3   474.6   722.7  3605.9  30175.6    30130  1778294519081  1778294529186
read      260.6    98.2    93.8   162.9   177.7   249.0   281.5   299.4   313.4   330.2   352.9   392.9   474.8   680.5  3912.2  30113.7    30135  1778294530698  1778294540799
read      265.7   112.7   101.3   164.6   179.7   253.1   285.6   303.9   317.4   335.6   360.3   399.9   490.6  1342.8  4213.3  30171.6    30140  1778294542312  1778294552416
read      267.7   118.3    93.8   165.0   180.4   254.8   288.0   306.9   320.3   339.0   364.2   403.6   492.5  1035.2  4617.8  30119.7    30145  1778294553928  1778294564032
read      270.0   112.8    93.8   162.7   178.0   255.2   290.0   310.4   325.6   345.0   372.4   419.7   533.8  1103.1  3857.1  30133.3    30150  1778294565545  1778294575649
read      260.3   108.6    93.8   160.2   175.0   247.1   279.9   298.5   313.3   331.3   356.2   398.2   496.5   949.3  4206.6  30099.8    30155  1778294577164  1778294587267
read      262.8    98.4    93.8   161.1   176.3   250.3   283.7   302.7   316.9   335.5   360.4   399.7   495.3  1058.5  3136.9  30170.8    30160  1778294588779  1778294598881
read      264.6   115.8    93.8   162.2   177.2   251.0   284.6   303.7   317.8   336.9   362.7   403.4   498.9  1196.8  4331.8  30216.6    30165  1778294600395  1778294610498
read      262.5   107.3    93.8   164.3   179.3   250.9   282.9   300.6   314.2   331.0   353.8   392.8   478.6   847.3  4393.6  30159.0    30170  1778294612011  1778294622113
read      267.9   116.4    93.8   165.1   180.6   255.3   288.5   307.5   320.8   339.5   364.0   402.4   492.4  1098.1  4931.8  30268.3    30175  1778294623626  1778294633736
read      258.2    99.5    93.8   161.7   176.1   246.6   278.3   296.2   310.4   326.7   349.2   388.6   470.1   823.8  3748.5  30153.8    30180  1778294635248  1778294645347
read      257.2   110.5    93.8   159.8   174.4   244.7   276.4   294.5   308.5   324.7   347.6   388.0   472.2  1292.8  4428.9  30102.3    30185  1778294646860  1778294656961
read      265.0   109.1    93.8   163.1   178.2   252.8   286.0   304.8   318.4   336.8   361.2   399.7   488.7  1087.5  4239.8  30189.9    30190  1778294658474  1778294668583
read      255.6    96.3    86.8   160.3   174.6   244.4   275.7   293.5   307.1   322.2   345.0   383.8   466.3   720.0  4125.9  30166.7    30195  1778294670101  1778294680209
read      259.2   104.1    86.8   161.7   175.9   247.5   280.2   298.1   312.2   328.9   351.7   391.2   473.5   717.4  4202.5  30187.2    30200  1778294681721  1778294691828
read      261.0   119.7    93.8   163.2   177.7   248.0   279.8   297.5   311.7   328.1   350.0   389.0   476.0  1661.8  4895.9  30136.7    30205  1778294693340  1778294703446
read      260.9   100.3    93.8   162.8   177.5   249.0   281.3   299.0   313.0   329.8   352.6   392.3   478.8  1105.4  3692.8  30276.3    30210  1778294704960  1778294715062
read      255.5   111.4    93.8   162.2   176.2   243.8   274.6   292.1   305.0   319.6   341.7   377.6   462.2   934.1  4305.7  30219.2    30215  1778294716574  1778294726683
read      256.2   106.4    93.8   160.2   174.5   244.7   276.1   294.1   307.8   323.4   346.0   384.7   465.8   751.8  4100.3  30207.5    30220  1778294728196  1778294738300
read      260.1   187.4    93.8   162.5   177.1   248.4   280.6   298.4   312.3   328.7   350.9   388.7   467.1   709.5  3734.0  30159.8    30225  1778294739814  1778294749918
read      252.2    94.5    93.8   158.5   172.3   240.3   271.7   289.7   302.8   318.8   341.7   379.4   465.2   746.6  3522.8  30311.3    30230  1778294751431  1778294761537
read      256.9    97.1    93.8   159.7   174.5   245.4   277.0   295.0   309.1   325.5   348.3   387.6   469.3   738.4  3997.1  30235.5    30235  1778294763051  1778294773155
read      259.9   109.9    93.8   161.8   176.2   247.9   280.2   297.8   312.4   329.5   352.9   392.2   472.8   813.9  4378.4  30221.2    30240  1778294774667  1778294784771
read      252.5    95.1    93.8   159.5   173.6   240.5   271.7   289.5   302.4   318.2   340.6   378.1   466.4   797.2  3521.3  30342.9    30245  1778294786283  1778294796392
read      259.2   107.6    93.8   159.6   174.9   247.3   279.6   297.7   312.3   329.4   352.5   392.2   475.7   835.1  4217.3  30185.2    30250  1778294797916  1778294808021
read      262.3   100.0    93.8   165.2   180.2   250.8   282.5   300.4   314.0   330.7   353.3   392.2   476.3   832.7  3697.1  30305.1    30255  1778294809533  1778294819637
read      254.1   316.9   101.3   159.5   173.6   242.0   272.9   290.6   303.6   319.0   341.7   378.8   466.3   911.9  3444.3  30257.9    30260  1778294821149  1778294831251
read      256.7    90.3    93.8   161.4   175.9   246.2   277.4   294.9   308.5   323.8   345.8   384.4   465.3   635.7  3261.1  30216.6    30265  1778294832765  1778294842868
read      255.6   103.9    93.8   161.3   175.4   243.6   274.3   292.2   305.5   320.6   343.3   381.3   465.1  1057.1  4224.3  30342.8    30270  1778294844381  1778294854497
read      255.2    94.3    93.8   161.1   175.3   244.2   275.2   293.0   306.4   321.1   343.5   379.5   461.4   812.2  3211.6  30201.2    30275  1778294856011  1778294866110
read      258.2   100.9    93.8   162.0   176.4   246.5   277.9   295.6   309.4   325.0   346.7   386.2   470.7   991.9  4107.4  30244.0    30280  1778294867624  1778294877728
read      259.4   102.7    93.8   163.3   177.9   248.1   279.3   296.7   310.6   326.5   348.4   387.4   471.6   767.1  3832.1  30324.7    30285  1778294879241  1778294889346
read      258.6    96.6    93.8   161.7   176.0   246.6   278.7   296.7   311.1   327.9   350.8   390.8   474.9   787.9  3938.9  30320.2    30290  1778294890858  1778294900958
read      255.7   102.7    86.8   160.5   174.8   243.8   275.1   293.3   307.0   322.5   345.0   383.5   466.1   820.6  4112.2  30253.8    30295  1778294902471  1778294912576
read      255.8    90.0    86.8   161.3   175.8   245.1   276.0   293.8   307.3   322.4   344.3   381.7   462.3   659.8  3294.0  30282.7    30300  1778294914090  1778294924196
read      261.9   104.4    93.8   163.9   178.6   249.9   282.2   300.4   314.1   331.1   353.9   392.6   475.5  1070.9  4167.7  30279.1    30305  1778294925708  1778294935818
read      258.2    94.7    93.8   162.8   177.1   247.0   278.3   295.9   309.8   325.8   347.9   387.3   467.3   718.8  3932.8  30301.2    30310  1778294937331  1778294947441
read      256.5    93.2    93.8   160.0   174.4   244.9   277.0   295.2   309.4   325.7   348.0   387.7   470.0   721.3  3367.4  30294.2    30315  1778294948953  1778294959057
read      258.9   106.4    93.8   161.7   176.4   246.9   278.7   296.6   310.7   327.0   349.2   389.2   471.0  1016.4  4085.0  30343.4    30320  1778294960571  1778294970679
read      264.0    99.5    93.8   163.2   178.6   252.4   285.3   303.8   317.5   335.6   359.8   398.5   481.7   734.8  4084.6  30319.6    30325  1778294972192  1778294982293
read      265.2   390.6    93.8   163.1   178.0   251.2   284.5   303.1   316.8   334.7   358.6   396.9   477.4   878.4  3955.7  30305.4    30330  1778294983806  1778294993908
read      262.5   103.7    93.8   161.2   176.3   250.0   283.3   302.2   316.5   334.9   359.3   398.2   487.0  1004.0  3810.0  30336.7    30335  1778294995420  1778295005534
read      261.8   103.4    93.8   161.7   176.5   249.9   283.2   301.8   315.9   333.7   357.7   397.4   482.8   728.8  4164.5  30432.9    30340  1778295007049  1778295017157
read      263.4   108.4    93.8   162.6   177.4   250.9   284.4   303.4   317.4   335.8   360.2   399.1   489.2   833.2  4186.9  30336.6    30345  1778295018671  1778295028778
read      253.1    95.1    93.8   160.2   174.3   242.1   272.9   290.7   303.6   318.7   340.6   375.7   461.0   736.5  4230.2  30286.1    30350  1778295030291  1778295040400
read      253.0   110.7    93.8   159.4   173.7   241.6   272.5   290.3   303.2   318.5   341.0   377.7   462.2   707.7  3862.7  30385.6    30355  1778295041916  1778295052029
read      264.5    97.7    93.8   165.0   180.2   252.6   285.4   303.8   317.5   335.5   359.4   397.6   480.5   827.1  3750.7  30276.0    30360  1778295053545  1778295063649
read      254.8    90.5    93.8   161.5   175.5   243.7   274.4   292.4   305.6   320.3   342.9   380.2   466.4   715.6  3346.7  30341.3    30365  1778295065163  1778295075276
read      256.5    97.9    93.8   158.5   173.7   245.1   276.8   295.0   309.1   325.4   347.6   386.3   471.5   883.9  3686.5  30298.9    30370  1778295076790  1778295086904
read      258.6   109.4    93.8   158.7   173.9   246.3   278.7   296.9   311.3   328.1   350.9   391.0   483.5  1088.6  4219.9  30350.0    30375  1778295088419  1778295098527
read      258.8   103.9    93.8   160.7   175.3   247.0   279.5   297.2   311.4   327.7   349.5   388.3   475.4  1039.9  4235.4  30457.6    30380  1778295100042  1778295110148
read      264.0   106.0   101.3   162.7   177.6   251.6   284.5   303.2   317.0   335.1   359.3   399.4   497.6   966.8  4237.1  30396.9    30385  1778295111664  1778295121770
read      259.6   100.5    93.8   161.4   176.1   248.0   280.1   298.0   312.3   329.2   352.2   391.4   480.2   788.9  4012.1  30366.1    30390  1778295123285  1778295133390
read      265.3    99.9    93.8   162.8   178.1   253.0   286.7   305.9   319.6   338.6   363.7   403.0   497.2   854.3  3407.4  30223.6    30395  1778295134904  1778295145012
read      262.9   101.6    93.8   160.0   175.5   251.0   284.9   303.9   317.8   336.2   360.7   399.6   489.8   897.3  3889.2  30418.5    30400  1778295146526  1778295156640
read      260.5   103.5    93.8   160.9   175.4   248.6   281.5   299.7   314.0   331.5   355.1   394.3   480.4  1018.6  3656.7  30405.9    30405  1778295158154  1778295168261
read      256.8   103.5    93.8   160.4   175.1   245.6   276.6   294.4   308.1   323.3   345.4   384.3   470.1   791.4  4167.4  30412.9    30410  1778295169776  1778295179882
read      253.0    87.8    93.8   157.5   172.5   242.0   273.3   291.4   304.7   319.9   342.2   378.7   465.3   804.1  3023.3  30470.9    30415  1778295181394  1778295191502
read      258.7   105.8    93.8   161.2   175.7   247.1   279.3   297.0   311.1   327.4   349.7   389.6   476.2   772.0  3429.1  30385.0    30420  1778295193017  1778295203126
read      258.5   118.2    93.8   160.9   175.4   246.3   277.9   295.9   310.0   326.2   347.8   386.6   471.0  1143.9  4282.3  30414.7    30425  1778295204642  1778295214752
read      255.4    96.2    93.8   159.3   173.8   244.0   275.3   293.6   307.3   322.7   344.9   382.9   468.5   812.5  3577.4  30449.1    30430  1778295216267  1778295226372
read      255.1    94.5    93.8   160.7   174.9   244.2   275.0   293.1   306.6   321.3   343.6   380.4   464.8   706.6  3292.4  30368.2    30435  1778295227885  1778295237990
read      253.4    98.6    93.8   159.1   173.7   242.5   273.5   291.4   304.5   319.5   341.5   376.4   458.7   696.7  4084.5  30407.4    30440  1778295239506  1778295249615
read      253.5   101.5    93.8   158.6   173.6   242.7   273.4   291.2   304.3   319.5   341.4   376.1   461.9   711.4  4235.3  30467.7    30445  1778295251129  1778295261234
read      249.8   101.0    86.8   155.6   170.2   238.9   269.9   287.3   299.4   315.1   336.3   370.3   454.2  1036.7  3387.1  30400.9    30450  1778295262749  1778295272853
read      251.5    86.5    93.8   156.7   171.6   241.0   272.2   290.1   303.0   318.2   339.8   373.8   459.0   744.8  2588.7  30441.6    30455  1778295274367  1778295284472
read      257.2    97.9    93.8   160.5   175.1   246.0   277.7   295.8   309.8   325.6   347.0   385.5   468.8   770.6  3752.1  30385.6    30460  1778295285985  1778295296087
read      250.8    97.1    93.8   156.9   171.2   238.5   269.8   287.8   300.7   316.7   339.1   375.7   467.7   930.2  3900.0  30553.0    30465  1778295297602  1778295307706
read      255.9    86.9    86.8   160.8   175.3   245.6   276.9   294.9   308.6   323.9   345.1   381.1   461.6   676.2  3098.0  30482.1    30470  1778295309219  1778295319324
read      253.8   108.0    93.8   160.5   174.5   241.6   272.4   290.2   303.0   318.2   339.9   373.7   462.9  1326.4  4254.0  30440.0    30475  1778295320839  1778295330949
read      253.2   104.0    86.8   159.4   173.7   241.4   272.4   290.4   303.5   318.6   340.7   376.3   467.0   814.2  4167.2  30478.5    30480  1778295332464  1778295342572
read      255.5    94.7    93.8   160.5   174.5   244.0   275.1   293.4   307.2   322.8   345.5   384.3   472.2   779.8  3017.7  30478.4    30485  1778295344087  1778295354194
read      253.9    96.7    93.8   160.7   174.8   243.0   273.6   291.1   303.9   318.7   340.2   374.2   462.0   797.8  4127.5  30425.0    30490  1778295355707  1778295365814
read      254.9    97.1    93.8   159.7   174.1   243.9   274.8   293.2   306.9   322.3   344.5   380.5   462.5   784.0  3223.8  30523.1    30495  1778295367328  1778295377436
read      251.8   112.4    93.8   157.0   171.6   240.0   271.0   289.0   302.0   317.7   339.6   373.7   458.3  1001.9  4314.6  30541.1    30500  1778295378949  1778295389074
Warning! Detected max cpu usage > 95%
CPU Usage Stats (avg/min/max): 83.33%,0.00%,100.00%
