Random waveform, supplied seed
Total number of intervals = 360 (6927, 52892, 98921, 61129, 40613, 53226, 38560, 103465, 104758, 94759, 37799, 8296, 69443, 12517, 43591, 20430, 93758, 10485, 16518, 83230, 5484, 55611, 20774, 96726, 32442, 73039, 74055, 51197, 59442, 35654, 78747, 42212, 52488, 36950, 16762, 79473, 61431, 87172, 108181, 80515, 37149, 13444, 72057, 70041, 90162, 52082, 24258, 72013, 58012, 45398, 50177, 34504, 66010, 73937, 55020, 53235, 97743, 5419, 14764, 7451, 48208, 16149, 78989, 18886, 75954, 44409, 16431, 85707, 58253, 103867, 21604, 90401, 84467, 99700, 32052, 18173, 67789, 51929, 83850, 18614, 29315, 108090, 27024, 49907, 9150, 34328, 51881, 14569, 81517, 78694, 93409, 39093, 18729, 70818, 21942, 91810, 39588, 40957, 62645, 15539, 107672, 32954, 58866, 23739, 54701, 60706, 72350, 58661, 34912, 103268, 38703, 83358, 57408, 86837, 33517, 66204, 73758, 99742, 109462, 94453, 44096, 100467, 8576, 59359, 7614, 60329, 43762, 67038, 26095, 71173, 109276, 13150, 61250, 84472, 82226, 27671, 98736, 106314, 105027, 96867, 89493, 50538, 22083, 48618, 94298, 63579, 64573, 77178, 29824, 64495, 20917, 85651, 61935, 50216, 72251, 71798, 19701, 24952, 81838, 26648, 24837, 29420, 103882, 70314, 61679, 49557, 19325, 9128, 94933, 24327, 71896, 93771, 20452, 42338, 72627, 80603, 49049, 92305, 56889, 78036, 71583, 72609, 107382, 86530, 16550, 84534, 72631, 49291, 62175, 80213, 16566, 53985, 101949, 24076, 52574, 106271, 105451, 86087, 29108, 101115, 74326, 75832, 94901, 15809, 28874, 51882, 32653, 41676, 63019, 99164, 47055, 62394, 98519, 32122, 49464, 24034, 77363, 91698, 38997, 86028, 83012, 15024, 56640, 97362, 107412, 65030, 79278, 47544, 105368, 58181, 56960, 14849, 63672, 48289, 11797, 10781, 49362, 102119, 46213, 97025, 18351, 21426, 43013, 67376, 36043, 6255, 102499, 26263, 56974, 40869, 46514, 11431, 58600, 68058, 54502, 64022, 52142, 101375, 40606, 47485, 48977, 38615, 80279, 75843, 67095, 41325, 55752, 85561, 14194, 88002, 90515, 109283, 26699, 37400, 19307, 11527, 83787, 22209, 75169, 73833, 94641, 61338, 91825, 77235, 37257, 32057, 108618, 72930, 43714, 87369, 56640, 97360, 79788, 11352, 87962, 40663, 59386, 48302, 19398, 82197, 77387, 72753, 7720, 46279, 42102, 90892, 39976, 61084, 16735, 45909, 28976, 84704, 101822, 92571, 12106, 58568, 51319, 21556, 14191, 29072, 16350, 86891, 104441, 8906, 42175, 51797, 76678, 19630, 100132, 40498, 108559, 23964, 70760, 99567, 107548, 53742, 103931, 60359, 9725, 52014, 40053, 86436, 23983, 66595, 26056, 51764, 40202, 76665, 11133, 80405, 79106, 97258, 36307, 28636, 41620, 75736, 44979, 31478, 37586, 108330)
Average QPS expected = 57436
Timestamp start: 1778402844142
Timestamp end: 1778404644529

#type       avg     std     min      p5     p10     p50     p67     p75     p80     p85     p90     p95     p99    p999   p9999      QPS   target
read      249.7   118.4    93.8   157.4   171.9   240.9   267.5   282.2   292.9   307.3   326.1   356.9   429.2  1085.9  6745.2   6900.8     6927
read      309.0   157.9    80.4   130.7   146.0   282.6   352.1   390.4   419.4   456.9   509.3   597.3   774.3  1140.3  2679.7  52685.2    52892
read      282.1   128.4    74.4   131.2   147.5   261.0   319.1   353.5   378.4   408.4   448.0   505.8   624.5   805.2  2588.7  98882.8    98921
read      273.8   117.9    74.4   126.6   140.8   259.1   321.3   353.5   374.8   399.0   429.5   474.4   563.2   690.6  2073.2  61106.8    61129
read      280.4   118.4    80.4   134.6   150.1   277.6   327.9   353.0   370.0   389.7   413.7   451.6   524.4   649.7  3806.8  40536.0    40613
read      278.8   118.8    80.4   129.6   143.9   268.4   327.6   357.3   376.9   399.5   428.7   471.9   561.3   778.6  2430.6  53067.2    53226
read      276.0   102.1    80.4   134.6   149.6   274.9   321.7   345.7   362.3   380.5   402.4   437.0   510.7   628.5  1871.0  38427.4    38560
read      313.6   146.1    74.4   140.5   159.6   288.6   352.5   390.8   419.6   454.5   499.4   572.1   746.7   995.0  2660.2 103399.0   103465
read      314.9   155.6    80.4   140.1   159.3   289.2   353.6   391.7   421.1   457.1   503.0   575.7   742.4  1039.8  4887.9 104884.6   104758
read      283.0   123.5    74.4   131.2   147.4   261.9   321.2   355.9   380.8   410.8   451.1   508.2   624.2   793.8  1658.7  94707.8    94759
read      279.3   137.0    80.4   135.7   151.0   277.1   324.9   348.7   365.4   384.3   406.7   442.9   519.4   647.2  5338.6  37957.0    37799
read      246.7   144.3    86.8   157.9   173.8   238.6   261.9   273.8   283.9   294.7   312.2   341.4   415.3  1208.2  7822.1   8309.8     8296
read      274.5   118.7    74.4   126.6   140.9   256.0   318.9   353.1   376.3   402.7   436.4   487.1   584.1   739.1  1703.4  69289.6    69443
read      257.9   101.6    80.4   156.7   175.0   254.2   279.4   293.0   303.8   317.2   336.7   366.7   436.0   989.9  3417.1  12569.4    12517
read      278.1   110.1    74.4   133.4   148.6   274.3   325.5   351.8   369.4   389.8   414.9   453.9   529.2   640.8  1625.3  43478.4    43591
read      270.7    99.1    86.8   148.6   166.7   269.3   300.3   318.3   332.0   346.6   366.7   396.1   462.5   872.4  3657.4  20418.4    20430
read      278.2   126.5    74.4   129.4   144.9   256.8   315.7   350.0   374.7   404.1   442.7   500.6   615.5   804.4  2010.4  93499.2    93758
read      253.0    91.6    86.8   158.3   175.5   248.9   273.0   286.9   296.0   309.9   327.1   357.4   424.0  1012.3  2021.5  10610.4    10485
read      262.4    82.2    93.8   151.3   169.6   261.0   288.8   304.1   316.0   330.6   348.0   375.8   442.7   645.6  2431.5  16478.6    16518
read      281.6   141.7    74.4   129.7   145.1   259.4   320.7   355.8   381.1   410.9   449.7   506.2   619.2   813.9  4221.5  83118.2    83230
read      235.5    92.0    86.8   161.6   173.8   228.8   248.1   259.4   268.3   278.2   292.3   317.0   386.5  1096.7  3189.3   5432.0     5484
read      279.4   118.1    80.4   130.7   145.6   267.0   327.6   358.3   378.7   401.3   431.3   476.2   563.8   720.8  2672.9  55476.6    55611
read      270.5   105.9    86.8   149.7   167.2   269.3   300.9   318.3   331.7   346.0   365.9   394.9   461.7   703.5  4289.4  20637.4    20774
read      288.8   131.4    80.4   133.2   149.9   267.3   327.6   362.8   388.7   419.9   460.0   518.8   636.8   812.6  2092.6  96522.6    96726
read      279.6   101.4    80.4   139.0   155.1   279.8   322.4   345.1   360.9   377.9   400.0   433.7   504.9   647.1  2111.7  32481.8    32442
read      272.8   128.6    74.4   125.6   139.9   252.6   315.5   349.8   373.5   400.5   434.7   486.9   583.5   741.1  3315.0  73114.2    73039
read      272.3   121.1    74.4   125.2   139.9   252.2   314.8   349.0   372.7   400.1   434.4   487.2   586.1   734.8  1773.9  74019.4    74055
read      279.2   128.1    80.4   130.1   144.9   269.4   328.1   357.4   376.7   398.8   427.5   468.8   551.8   727.4  2958.3  50933.4    51197
read      275.3   124.6    74.4   127.5   141.7   260.1   322.3   354.8   376.2   400.6   431.1   475.8   563.3   715.6  2496.0  59340.8    59442
read      279.5   123.5    74.4   137.0   152.6   278.3   324.2   347.7   364.3   382.7   404.4   438.8   512.6   642.4  2208.9  35688.0    35654
read      273.6   120.0    74.4   126.1   140.7   252.7   314.8   349.7   374.1   402.2   438.3   492.0   593.4   748.8  1683.5  78795.2    78747
read      282.8   151.4    80.4   134.1   149.5   278.4   330.3   356.5   373.5   393.8   419.1   458.4   538.8   702.1  4115.7  42103.0    42212
read      278.4   120.6    80.4   129.8   144.5   268.5   327.1   356.4   375.8   398.5   427.4   469.6   554.8   691.8  3915.2  52297.6    52488
read      281.4   100.9    80.4   137.9   153.2   280.1   327.2   351.3   367.9   387.3   410.7   448.1   524.9   652.2  1634.6  36903.0    36950
read      262.9   113.9    86.8   150.8   168.3   260.0   287.2   302.2   314.0   328.2   345.9   374.5   451.4  1091.7  4612.8  16775.2    16762
read      274.4   132.4    80.4   126.9   141.4   253.5   314.9   349.4   374.0   402.2   438.4   493.6   594.0   748.2  2111.5  79414.6    79473
read      275.3   120.8    74.4   127.4   141.4   260.4   321.8   353.6   374.7   399.6   430.9   478.9   575.3   747.2  2556.6  61350.2    61431
read      275.8   132.2    74.4   128.1   143.1   254.1   314.4   348.3   373.1   401.9   439.5   496.6   603.4   783.6  3592.2  87277.2    87172
read      335.4   158.7    74.4   144.7   165.8   307.3   376.7   418.4   450.3   489.3   540.5   626.5   816.3  1072.7  2010.1 108126.8   108181
read      272.0   125.0    80.4   125.8   140.2   251.1   312.6   346.3   370.8   398.7   434.5   488.5   589.2   750.1  2034.2  80377.8    80515
read      276.9   111.5    80.4   135.3   150.8   276.5   321.2   344.5   360.9   378.8   401.7   437.1   513.9   625.1  2009.7  37240.4    37149
read      256.4    91.8    86.8   154.0   171.4   253.4   278.4   291.9   301.9   315.3   333.7   364.5   438.0  1050.5  3263.1  13522.0    13444
read      272.5   121.8    74.4   125.2   140.0   253.7   315.6   348.9   372.2   398.8   433.0   484.6   586.1   749.1  1693.6  72137.4    72057
read      273.4   127.4    74.4   125.9   140.5   254.0   316.4   349.7   373.0   400.1   434.0   486.5   585.5   751.5  2988.7  70257.0    70041
read      275.1   128.4    74.4   127.2   142.1   253.4   313.4   347.3   372.1   401.3   438.5   494.6   603.6   842.0  2741.5  90334.0    90162
read      277.0   115.5    74.4   129.0   143.7   267.3   325.9   355.5   375.0   397.6   426.4   468.2   549.6   686.5  2797.9  52064.4    52082
read      271.7    94.9    80.4   143.3   160.4   271.8   306.7   325.6   339.5   355.6   374.0   404.0   473.5   596.0  3815.6  24184.2    24258
read      274.3   122.2    74.4   125.7   140.2   255.1   317.6   351.6   375.3   402.6   437.4   491.1   588.7   745.3  1890.6  71626.4    72013
read      276.4   126.1    74.4   127.8   142.2   262.5   323.8   355.0   376.0   399.9   430.0   474.7   564.1   719.4  3370.5  57911.8    58012
read      280.5   114.3    80.4   132.4   147.6   275.5   329.4   356.3   373.8   395.2   422.0   462.7   545.1   691.7  1940.0  45556.4    45398
read      278.9   113.9    80.4   130.6   145.1   270.8   328.2   357.0   375.9   398.5   427.0   468.3   547.7   680.5  2035.7  50073.8    50177
read      280.5   103.3    80.4   138.7   154.1   280.1   324.8   347.7   364.2   382.3   403.5   438.4   514.0   677.5  2193.3  34399.2    34504
read      276.0   163.7    74.4   126.5   140.8   256.4   319.4   353.3   376.5   402.4   435.3   485.8   583.7   817.8  6768.1  66121.6    66010
read      275.0   122.7    74.4   125.8   140.3   254.0   317.3   352.2   376.9   404.9   441.5   494.2   594.4   798.9  1877.0  74127.6    73937
read      276.9   119.7    80.4   128.6   142.9   264.6   324.5   355.3   376.0   399.7   429.6   473.6   561.9   732.5  2738.8  55028.2    55020
read      277.9   114.9    80.4   129.2   143.9   267.4   326.8   356.8   376.9   399.7   429.1   471.4   560.4   713.2  1687.6  53254.4    53235
read      294.6   132.7    80.4   135.6   152.9   273.7   334.1   369.1   395.2   426.7   466.8   527.3   641.2   827.4  2822.4  97660.2    97743
read      235.1   136.4   101.3   157.5   168.8   226.0   247.1   258.9   267.9   278.0   293.8   320.2   405.1  1300.0  7154.5   5471.4     5419
read      260.9    99.3    86.8   153.5   171.3   258.5   285.6   299.9   311.9   325.3   343.7   371.9   433.3   895.8  3205.3  14672.4    14764
read      241.1   101.0    86.8   156.5   169.8   234.3   256.3   268.5   276.6   289.1   305.3   336.0   424.6  1099.9  3668.1   7459.2     7451
read      277.6   109.6    80.4   130.4   145.3   271.5   326.9   355.4   373.7   395.1   421.8   461.6   538.5   658.2  1599.1  48074.6    48208
read      260.4    98.5    80.4   150.3   167.2   258.6   286.7   301.3   313.2   327.0   345.0   373.6   445.9   642.0  4277.6  16206.2    16149
read      274.2   124.7    74.4   126.2   140.8   253.1   315.2   350.1   374.6   402.7   438.2   492.7   593.6   771.5  2548.8  78869.0    78989
read      267.1    82.9    86.8   149.6   166.6   266.9   297.0   314.3   326.6   341.6   360.8   389.3   450.9   565.6  2025.0  18941.2    18886
read      273.1   134.0    74.4   125.6   140.0   252.3   314.8   349.7   374.0   401.7   436.6   489.7   585.7   742.2  3284.2  75988.0    75954
read      282.7   124.5    80.4   132.5   148.0   276.9   330.7   357.9   375.5   397.0   424.1   464.8   547.9   855.7  3421.9  44517.2    44409
read      263.2    78.4    93.8   151.8   169.3   262.5   291.2   307.1   318.1   332.8   350.4   377.9   440.8   572.5  1951.9  16500.4    16431
read      276.3   124.4    74.4   127.9   142.7   255.0   315.6   350.7   375.6   404.3   441.9   498.0   603.4   753.7  2125.8  85617.4    85707
read      275.1   117.2    74.4   127.7   141.8   261.3   322.8   354.7   375.7   399.7   429.5   473.1   562.1   749.6  2034.6  58209.4    58253
read      313.3   145.4    80.4   139.9   159.1   288.9   353.0   391.3   420.2   455.2   500.4   572.0   729.0   942.7  2690.9 103812.2   103867
read      268.1    90.5    80.4   145.3   162.4   267.8   300.3   318.2   332.0   346.8   367.1   396.2   460.4   587.0  2238.1  21563.8    21604
read      275.9   124.8    80.4   128.2   143.3   254.9   314.2   348.1   373.3   402.3   439.8   496.3   601.4   776.0  3014.2  90386.2    90401
read      280.5   137.8    74.4   129.1   144.3   258.7   320.2   355.5   380.5   410.0   448.8   504.6   615.2   807.8  3201.6  84557.6    84467
read      304.6   143.6    74.4   138.0   155.8   281.9   344.1   380.7   407.7   441.1   485.0   548.5   688.5   894.3  3100.9  99869.4    99700
read      278.0    97.5    80.4   139.3   155.4   278.8   320.8   343.2   358.7   374.6   396.5   429.4   498.5   596.6  2035.3  32120.6    32052
read      265.0    94.2    86.8   149.4   166.7   264.1   293.3   309.9   320.9   336.8   355.7   383.7   448.8   675.9  2501.0  18092.0    18173
read      274.6   124.1    74.4   126.5   140.9   256.2   319.6   353.8   377.0   403.4   436.7   486.3   578.6   716.0  2998.5  67661.4    67789
read      277.7   121.8    74.4   129.1   143.7   267.8   327.0   356.7   376.1   398.3   426.3   467.3   548.1   737.1  2932.5  51977.2    51929
read      275.5   126.2    74.4   127.3   142.0   254.1   315.4   349.9   374.3   402.7   439.5   495.0   601.7   803.1  2524.2  84015.4    83850
read      263.1    93.9    86.8   146.8   163.8   261.1   290.8   307.6   319.3   335.7   356.2   389.2   464.8   629.4  3555.6  18606.6    18614
read      276.4    98.9    80.4   140.2   156.4   277.4   317.0   338.0   352.6   369.0   390.9   423.9   494.7   604.6  2267.0  29236.2    29315
read      409.6   231.7    80.4   152.1   177.8   372.4   459.0   506.1   544.6   604.0   712.8   862.0  1046.0  1255.1  3981.0 108009.6   108090
read      281.9   118.5    86.8   147.3   164.2   281.4   319.2   340.0   354.4   370.1   391.2   423.1   492.6   638.8  3483.5  27070.4    27024
read      284.0   129.7    80.4   133.9   149.3   274.7   333.3   362.6   382.2   403.7   432.1   472.2   551.4   727.1  3185.7  49879.8    49907
read      247.9    87.3    93.8   159.7   174.8   243.0   266.4   278.6   288.8   300.1   317.5   345.7   415.3  1040.1  3092.9   9163.2     9150
read      282.2   108.8    80.4   138.8   154.5   281.2   326.1   349.8   366.0   384.8   407.2   443.5   518.9   671.4  3060.3  34308.0    34328
read      278.5   116.4    74.4   129.8   144.6   269.0   327.9   357.4   376.8   398.9   427.6   469.3   551.6   690.0  2361.3  51804.6    51881
read      260.7    82.5    86.8   153.5   171.3   258.8   285.7   299.6   311.6   325.0   343.6   371.2   441.8   744.6  2362.5  14603.2    14569
read      277.4   128.5    80.4   128.1   142.8   255.8   317.5   352.7   377.8   406.9   444.4   499.6   607.4   788.4  2151.0  81389.6    81517
read      291.0   154.8    74.4   129.5   145.4   267.7   332.3   368.8   395.3   427.1   467.6   531.5   669.7   927.3  3433.3  78892.2    78694
read      284.1   124.4    74.4   131.0   147.2   263.2   323.3   358.5   384.1   414.6   454.2   509.8   624.8   786.6  1824.8  93385.6    93409
read      281.8   109.4    80.4   135.4   150.9   279.7   328.4   353.8   370.7   390.5   414.8   453.3   533.2   696.2  2872.3  39086.4    39093
read      270.8    96.7    86.8   150.1   167.8   269.4   300.8   318.0   331.4   345.9   366.4   396.2   464.4   617.5  3396.4  18758.8    18729
read      276.7   130.2    74.4   126.5   140.9   256.5   320.0   355.1   379.2   406.3   441.2   494.1   593.0   773.2  2550.0  70808.6    70818
read      270.9    88.4    80.4   145.9   163.5   271.0   303.9   321.0   335.2   350.5   369.7   399.8   468.8   591.4  3072.2  22008.4    21942
read      278.6   138.9    74.4   128.8   144.0   256.8   316.4   351.1   376.2   405.8   444.1   500.9   611.9   809.5  3158.3  91701.6    91810
read      277.2   104.3    74.4   133.7   149.2   276.0   323.2   348.0   365.1   384.3   406.9   444.3   521.6   650.1  2413.6  39624.4    39588
read      280.3   111.0    80.4   135.1   150.1   278.3   327.6   353.0   369.7   389.7   414.2   452.3   531.0   653.6  2162.7  40909.6    40957
read      284.2   179.6    74.4   128.0   142.4   264.3   327.1   359.6   381.8   406.6   439.8   494.5   636.4  1599.0  8262.0  62491.2    62645
read      260.4   100.2    93.8   152.4   169.7   258.3   285.1   298.6   310.0   321.6   340.9   369.7   436.4  1029.8  3790.8  15585.8    15539
read      445.0   242.1    80.4   156.7   185.9   412.7   494.9   539.6   579.4   650.9   809.3   942.1  1103.7  1304.1  4484.5 107523.2   107672
read      280.5   127.9    80.4   140.0   155.5   279.3   320.7   343.2   359.0   375.6   398.3   433.5   516.6   722.9  5635.4  32964.8    32954
read      279.7   124.7    74.4   129.5   144.0   266.0   327.0   358.3   379.4   403.0   434.3   484.6   583.0   747.2  2521.7  59105.6    58866
read      274.2    94.8    86.8   146.1   163.1   274.7   307.9   325.7   339.6   355.7   374.4   406.3   481.9   635.1  3123.3  23636.4    23739
read      277.3   112.5    74.4   130.1   144.4   266.6   325.1   355.6   375.4   398.6   428.1   471.7   562.1   691.0  1753.7  54720.6    54701
read      278.6   125.4    80.4   129.6   144.0   263.6   324.9   357.2   378.7   403.1   434.4   484.4   580.9   734.4  3059.2  60671.0    60706
read      277.5   126.9    80.4   127.5   141.9   258.3   320.4   354.5   378.0   404.7   440.5   495.6   597.7   794.0  2715.6  72479.4    72350
read      279.8   126.3    74.4   129.4   144.0   265.5   326.5   358.8   380.7   404.8   435.8   485.5   580.9   752.9  2516.1  58616.4    58661
read      282.5   101.5    80.4   139.8   155.4   281.6   327.2   351.4   367.6   386.6   409.3   446.2   521.0   631.6  1634.9  35165.8    34912
read      323.6   159.7    74.4   142.6   162.6   295.7   362.2   401.7   432.1   468.7   517.1   592.3   790.0  1137.1  3841.2 103282.0   103268
read      281.7   117.3    80.4   136.5   151.6   279.5   328.0   353.4   370.2   390.1   414.5   452.7   527.8   637.5  2001.4  38816.8    38703
read      287.4   139.7    74.4   131.1   147.0   264.9   327.7   363.9   390.0   420.8   460.2   518.6   635.6   849.0  4230.7  83483.2    83358
read      279.8   117.7    74.4   129.4   143.8   265.9   328.4   360.6   382.2   406.6   437.5   486.2   576.8   721.5  1478.3  57355.6    57408
read      291.4   145.7    74.4   133.1   149.3   269.2   331.4   367.1   393.1   424.2   464.3   525.1   645.6   918.1  3783.6  87007.0    86837
read      282.5   102.8    80.4   139.7   155.5   282.0   326.8   350.5   366.4   384.6   405.8   441.5   520.3   661.9  2077.0  33531.6    33517
read      281.5   131.5    74.4   129.2   143.6   262.5   326.4   361.0   385.1   412.5   447.5   500.0   596.0   801.5  2454.0  66233.8    66204
read      280.4   125.5    74.4   128.4   143.1   259.5   323.2   359.2   383.9   412.3   449.7   503.8   614.1   819.6  2113.9  73704.4    73758
read      330.1   164.9    80.4   143.4   163.6   301.6   370.3   410.9   441.7   478.9   529.0   614.5   816.0  1083.2  3963.9  99711.2    99742
read      533.5   259.9    80.4   200.3   256.1   493.8   570.6   624.7   685.1   794.0   908.8  1027.7  1183.7  1398.0  7258.5 109613.8   109462
read      388.0   203.3    80.4   151.5   176.5   354.3   436.9   482.2   516.5   562.2   636.8   780.1   999.0  1213.3  4224.9  94468.2    94453
read      282.5   111.5    80.4   134.1   149.3   277.6   331.0   358.8   377.0   397.9   424.8   465.0   545.6   690.5  2355.3  44095.4    44096
read      313.4   151.4    80.4   138.9   157.2   287.0   351.8   390.6   419.8   455.1   500.8   576.3   788.1  1069.8  2458.8 100251.0   100467
read      243.1    78.5    93.8   159.2   172.8   239.4   261.6   273.1   282.7   293.4   309.2   336.2   408.0  1029.6  2299.0   8616.4     8576
read      280.3   137.1    80.4   129.3   143.7   264.3   327.1   359.4   381.3   405.4   436.0   484.1   579.4   872.6  4181.5  59231.2    59359
read      247.2   154.0    86.8   162.2   176.0   241.0   263.7   275.0   284.8   294.8   310.7   336.8   401.7  1070.9  7665.7   7570.6     7614
read      282.8   138.6    80.4   129.9   144.6   265.9   329.7   363.1   385.7   411.0   443.5   494.1   592.4   850.7  4548.1  59998.4    60329
read      284.5   116.5    80.4   135.3   150.5   279.6   332.8   360.0   378.0   399.1   426.0   466.3   548.0   698.3  3159.1  43830.2    43762
read      279.9   125.9    80.4   128.4   142.7   261.4   324.8   359.0   382.7   409.7   444.5   498.1   602.4   793.8  2169.5  67051.4    67038
read      277.9    90.1    86.8   145.2   161.9   279.1   315.1   334.9   348.7   365.8   387.1   419.9   498.9   623.7  1940.6  26203.0    26095
read      280.8   127.0    74.4   129.4   144.0   261.0   324.6   359.7   383.9   411.4   446.7   500.3   603.9   779.7  2592.9  71095.0    71173
read      497.3   241.0    80.4   184.8   231.5   461.8   535.7   586.7   640.6   744.3   856.7   969.3  1125.4  1315.9  6630.6 109442.8   109276
read      260.0    93.7    86.8   157.0   174.7   256.2   281.3   295.0   306.2   318.5   338.1   371.1   463.4  1026.7  3109.3  13026.6    13150
read      280.1   124.6    74.4   129.2   143.6   264.6   327.2   360.0   382.4   407.6   439.8   490.3   586.9   742.1  1755.3  61223.8    61250
read      280.8   127.4    80.4   129.4   144.6   259.1   320.3   356.2   381.8   411.6   449.8   506.2   619.9   822.1  2324.9  84618.8    84472
read      278.9   124.0    74.4   129.0   143.9   258.5   319.4   354.3   378.9   407.7   445.2   501.3   611.1   766.0  1554.2  82184.2    82226
read      279.9   119.2    80.4   144.2   161.2   280.0   316.1   336.2   350.3   367.6   390.0   425.4   507.8   680.3  3194.0  27595.2    27671
read      307.4   137.2    74.4   137.8   156.2   284.7   346.9   384.2   411.8   446.2   490.8   558.8   712.3   941.5  1727.3  98696.6    98736
read      469.4   244.8    80.4   168.8   206.3   437.6   518.8   566.6   609.4   682.8   806.7   947.6  1131.2  1343.0  7073.4 106183.2   106314
read      350.0   181.5    80.4   145.4   167.4   316.3   391.1   435.8   468.8   507.8   561.9   666.1   959.2  1198.5  3222.4 104893.4   105027
read      309.9   152.2    74.4   137.2   154.8   283.4   347.8   386.2   414.8   450.3   496.2   568.5   770.4  1146.8  3204.9  96844.0    96867
read      287.3   136.6    74.4   130.2   146.2   264.3   324.7   360.8   387.1   418.8   459.8   521.6   662.1  1052.9  3198.7  89358.6    89493
read      280.7   126.9    74.4   130.9   145.9   271.7   329.3   359.2   378.9   401.0   429.7   472.1   556.9   690.7  2556.5  50488.8    50538
read      275.1    85.0    86.8   150.0   167.2   276.0   309.0   327.0   340.7   356.6   374.3   403.0   468.5   594.4  1915.6  22035.6    22083
read      282.8   115.0    80.4   132.2   147.4   275.5   332.3   361.5   380.9   402.5   430.8   472.4   557.4   688.0  1965.2  48545.4    48618
read      289.9   135.5    80.4   133.1   149.7   267.9   327.9   363.8   390.3   421.9   462.6   523.9   644.8   853.1  2665.8  94204.6    94298
read      279.5   120.8    74.4   129.2   143.9   262.4   325.2   359.5   382.8   408.5   441.6   492.3   585.1   744.3  1651.6  63703.4    63579
read      279.9   124.6    80.4   129.3   144.0   262.5   325.4   359.7   382.8   408.6   441.6   492.8   589.2   742.8  2115.8  64606.4    64573
read      279.2   138.9    80.4   127.2   142.1   257.8   320.2   355.6   381.0   409.8   447.0   502.2   610.9   793.7  3972.8  77207.2    77178
read      279.8   103.7    80.4   141.2   157.9   280.6   319.8   341.5   356.7   373.0   395.4   428.3   498.9   630.1  3042.9  29814.2    29824
read      278.5   124.1    74.4   127.9   142.4   261.2   323.9   358.2   381.4   407.3   439.8   491.6   589.2   741.4  2327.7  64546.0    64495
read      275.0   110.1    86.8   151.0   168.8   274.6   306.9   323.3   337.2   352.5   371.1   399.2   461.9   766.8  4330.3  20823.4    20917
read      285.7   137.4    80.4   130.4   146.4   263.9   324.9   361.0   387.0   417.7   457.9   517.4   634.7   804.1  3514.3  85493.2    85651
read      279.2   128.5    74.4   128.1   142.6   263.0   325.3   359.0   381.8   407.4   439.7   491.1   589.3   744.4  1937.1  61899.8    61935
read      282.9   118.6    80.4   131.3   146.3   273.6   332.0   361.9   382.0   404.1   433.1   478.2   568.7   760.2  2036.7  50055.4    50216
read      279.3   129.2    80.4   127.8   142.3   258.9   322.0   357.5   382.0   409.6   445.0   499.1   606.2   798.7  3150.3  72156.8    72251
read      278.5   132.6    80.4   127.5   141.8   258.5   321.3   356.8   381.1   408.9   445.2   499.0   600.6   778.2  2543.1  71671.4    71798
read      269.1    83.5    86.8   149.5   166.8   268.8   298.2   314.9   327.3   342.8   363.4   394.7   466.7   681.3  2202.9  19784.0    19701
read      272.2   101.2    86.8   143.4   160.2   272.5   306.4   323.6   337.3   352.8   372.5   403.6   488.1   745.8  3320.3  25225.8    24952
read      278.8   123.5    80.4   128.2   143.0   258.5   319.0   353.7   378.5   407.4   446.0   503.1   616.9   797.4  1827.9  81818.8    81838
read      274.0    99.5    80.4   143.1   159.6   275.1   310.1   328.7   342.2   358.7   378.2   410.9   491.8   637.7  2190.4  26572.6    26648
read      276.2   153.9    80.4   143.6   160.2   273.1   307.7   325.9   339.9   356.3   375.5   410.9   512.2  1442.1  7908.5  24885.4    24837
read      274.4    92.1    86.8   139.9   156.0   276.0   314.0   334.1   348.0   365.3   386.7   419.8   495.9   631.5  1290.1  29485.4    29420
read      338.0   173.2    74.4   142.7   163.5   306.8   377.0   420.0   452.1   490.8   541.8   636.0   903.5  1229.2  3373.7 104062.0   103882
read      281.4   132.7    80.4   128.4   143.0   262.0   325.5   360.1   383.8   411.0   446.8   502.9   616.0   849.4  3669.3  70329.2    70314
read      275.2   123.4    74.4   125.6   140.0   260.2   321.7   353.8   374.8   399.5   430.6   479.0   580.9   800.9  2885.3  61877.6    61679
read      277.4   118.7    80.4   129.5   143.9   270.6   325.5   353.7   372.4   394.5   422.1   463.8   552.7   703.5  1984.1  49587.4    49557
read      258.7    90.1    80.4   144.7   161.5   258.3   287.3   302.5   313.9   327.7   346.1   374.8   445.9   616.4  3346.5  19347.4    19325
read      240.0    97.6    93.8   154.2   168.0   234.6   257.0   269.2   277.5   289.2   304.1   333.8   422.3  1058.4  4898.8   9212.2     9128
read      278.6   126.0    80.4   129.2   144.8   258.9   317.3   350.6   374.8   403.5   441.4   499.3   612.0   785.3  1934.3  94944.6    94933
read      266.4    86.9    80.4   141.5   158.4   267.3   299.6   316.9   330.4   345.7   366.5   398.2   477.0   618.6  1245.3  24412.6    24327
read      274.1   123.4    80.4   125.3   140.0   255.8   317.9   351.7   374.3   400.5   434.0   486.2   587.5   776.8  2603.1  72013.6    71896
read      287.3   134.5    74.4   131.3   147.9   265.9   326.0   361.3   386.9   417.7   457.8   516.7   634.9   822.5  3842.6  93819.2    93771
read      273.2    97.2    74.4   148.1   166.6   272.7   304.8   321.3   336.0   352.0   371.3   402.5   473.5   636.3  3051.8  20519.0    20452
read      280.6   110.9    74.4   132.0   147.2   277.0   328.9   355.7   373.3   394.4   420.6   460.5   543.9   684.7  2730.0  42400.6    42338
read      273.0   129.7    74.4   124.5   139.0   252.7   315.3   349.9   373.8   401.2   435.5   489.2   590.3   774.9  3302.0  72821.4    72627
read      277.6   126.8    80.4   126.6   141.4   256.0   318.9   354.4   379.3   407.9   445.5   501.3   611.0   792.2  2660.3  80473.8    80603
read      279.3   116.8    80.4   129.8   144.4   271.8   328.1   357.3   376.2   397.9   425.8   467.8   552.7   750.7  2559.4  49284.6    49049
read      285.6   140.5    74.4   130.7   146.8   263.3   324.1   359.8   385.5   415.9   455.7   514.0   635.0   857.8  3789.4  92329.8    92305
read      276.0   117.4    74.4   127.1   141.5   263.6   325.2   356.8   377.6   400.7   430.0   473.3   562.9   695.6  1801.1  56859.4    56889
read      275.3   124.6    74.4   126.5   141.0   254.3   316.5   351.6   376.4   404.5   440.2   496.0   598.9   789.0  2349.7  78295.8    78036
read      275.4   120.4    80.4   125.3   140.1   255.9   319.5   354.6   379.0   406.2   441.5   494.9   592.2   737.8  1458.0  71642.4    71583
read      278.2   131.2    74.4   127.4   142.1   258.2   320.7   356.4   380.9   408.6   444.4   498.1   597.5   773.7  2728.4  72573.6    72609
read      392.6   200.7    80.4   156.1   182.5   357.4   441.8   488.6   522.9   567.4   637.4   785.5  1012.6  1208.8  3432.3 107355.4   107382
read      311.1   195.5    80.4   135.6   152.7   280.5   348.1   387.6   416.1   451.0   497.4   572.7   788.7  1855.3  7704.6  86504.6    86530
read      268.7    90.6    86.8   153.1   171.0   266.0   295.1   311.7   323.2   339.7   360.9   394.3   475.2   685.0  2923.7  16491.2    16550
read      290.9   141.8    74.4   132.0   147.9   267.7   331.8   368.5   394.9   426.2   466.3   527.5   650.6   937.0  3327.2  84239.4    84534
read      282.8   124.1    74.4   129.4   144.2   262.9   326.6   362.1   387.0   415.9   453.1   506.9   615.7   781.0  1754.4  72716.8    72631
read      288.9   138.2    80.4   133.1   148.4   277.7   336.8   367.5   388.5   412.3   442.9   491.5   589.2   862.6  4523.3  49136.2    49291
read      284.2   135.7    80.4   129.9   144.5   266.7   329.8   363.6   386.9   413.4   447.4   500.1   602.7   857.6  3574.9  62143.8    62175
read      282.3   125.9    74.4   129.8   144.7   261.6   323.1   358.5   383.7   413.1   451.7   507.9   622.7   801.5  1921.6  80323.2    80213
read      265.9    96.9    93.8   152.9   170.6   264.3   292.2   307.9   318.6   334.2   353.7   383.5   449.6   668.4  3435.3  16571.2    16566
read      284.4   126.8    80.4   131.3   146.2   272.2   332.1   363.6   385.1   409.1   439.5   488.2   586.8   803.2  2790.2  53827.0    53985
read      345.4   176.5    74.4   144.4   165.3   312.6   386.3   430.5   463.6   503.1   555.3   649.8   962.4  1245.5  2191.2 101995.8   101949
read      279.3   104.6    80.4   146.8   163.9   279.0   314.6   334.4   348.0   365.3   386.6   419.9   498.5   689.0  3614.1  24233.2    24076
read      280.8   115.6    80.4   130.6   145.2   270.4   329.2   359.9   380.0   402.5   432.2   477.3   568.9   740.6  1918.9  52325.4    52574
read      391.1   210.9    80.4   152.2   177.9   354.1   436.3   484.5   521.8   572.3   650.2   789.0  1011.5  1264.8  5128.6 106024.4   106271
read      475.9   249.5    80.4   171.9   210.1   444.0   523.5   570.7   612.2   684.7   824.6   971.8  1156.3  1375.5  7046.6 105477.2   105451
read      283.6   134.7    74.4   129.6   145.2   261.9   322.8   358.4   383.7   413.2   452.3   511.1   638.4   885.5  3106.3  86103.2    86087
read      281.8    96.1    80.4   142.9   159.7   282.4   322.7   345.4   361.1   377.7   399.0   431.7   501.8   596.4  2211.1  29101.0    29108
read      346.5   184.5    74.4   144.3   165.4   312.5   387.1   431.5   464.7   505.0   559.2   657.3   951.3  1252.1  4124.0 101105.4   101115
read      279.9   128.2    74.4   127.9   142.5   259.7   321.3   357.3   382.2   411.0   448.4   504.0   612.7   801.8  2010.3  74333.4    74326
read      285.1   131.8    74.4   129.4   144.3   263.9   327.0   362.9   388.4   418.3   456.9   514.9   633.3   892.2  2471.8  75764.6    75832
read      296.5   138.6    80.4   134.4   151.6   273.6   335.9   371.8   398.2   430.6   472.1   537.2   673.5   926.6  2822.4  94758.6    94901
read      267.2    82.2    86.8   154.4   172.2   265.3   293.9   310.2   321.0   337.1   356.7   387.1   456.7   820.5  2225.2  15711.2    15809
read      284.2   112.4    80.4   144.1   161.0   283.3   323.8   346.5   362.5   379.9   401.7   435.7   509.1   685.8  2609.7  28868.0    28874
read      285.7   123.1    80.4   132.4   147.6   274.9   334.8   365.6   386.6   410.3   440.1   486.9   578.7   745.4  2815.3  52004.8    51882
read      287.1    98.9    80.4   144.6   161.4   286.0   330.3   354.2   370.1   388.9   411.4   447.7   520.4   641.6  1609.6  32733.8    32653
read      287.5   110.2    80.4   138.7   154.2   283.0   335.2   362.2   380.3   400.6   427.4   466.9   548.1   685.8  2271.5  41475.6    41676
read      281.2   128.2    74.4   129.5   144.2   263.7   326.6   360.8   384.0   410.0   443.1   494.6   593.0   775.5  2710.4  63097.6    63019
read      312.1   149.1    80.4   138.3   156.6   286.3   351.2   390.3   419.5   454.9   500.6   573.7   749.4  1048.0  2835.2  99062.0    99164
read      283.5   115.6    80.4   132.8   147.9   276.5   332.6   361.7   381.1   402.3   430.6   471.5   558.8   702.4  1808.8  47041.6    47055
read      284.5   141.9    74.4   129.5   144.0   266.7   330.4   364.4   387.8   414.6   449.4   501.8   608.5   849.4  3996.5  62489.4    62394
read      382.2   185.4    80.4   155.4   180.8   349.4   429.9   476.8   512.0   557.8   623.3   736.2   960.2  1168.3  2526.6  98477.4    98519
read      278.8   114.4    80.4   138.3   154.1   278.3   318.5   340.9   356.9   374.1   398.1   434.1   520.7   719.1  2971.3  32124.0    32122
read      279.6   112.8    74.4   130.5   145.4   271.4   327.7   357.1   376.4   399.0   428.1   471.3   560.8   689.1  1572.8  49357.8    49464
read      278.5   116.8    80.4   146.1   163.2   277.3   312.7   332.4   346.4   363.7   384.5   417.2   495.6   716.5  3480.4  24087.6    24034
read      281.5   136.4    74.4   128.6   143.6   260.7   322.3   358.0   383.4   412.8   450.9   507.1   622.5   798.4  1985.3  77417.0    77363
read      295.2   132.7    80.4   133.9   151.0   273.0   334.5   370.7   397.6   430.6   472.4   536.7   665.1   862.2  2003.0  91623.4    91698
read      283.0   109.5    80.4   137.4   152.1   281.0   328.8   354.1   370.9   390.9   415.5   455.3   540.8   676.6  2500.8  38936.8    38997
read      291.1   138.5    80.4   132.4   148.6   268.9   330.4   366.5   392.9   424.5   465.3   527.5   652.2   898.7  3420.1  86006.8    86028
read      280.1   131.5    80.4   128.7   143.8   259.4   319.8   354.9   380.1   409.3   447.7   504.6   621.7   796.7  2226.8  82927.4    83012
read      262.7    90.0    86.8   154.7   172.5   260.2   287.2   301.7   312.8   326.0   345.3   375.8   452.6   860.7  3031.1  15037.8    15024
read      279.4   118.5    80.4   129.6   144.0   266.6   326.6   357.7   378.8   402.6   433.7   483.4   581.6   768.3  2029.4  56589.0    56640
read      330.6   161.6    80.4   141.4   161.0   301.5   371.5   413.2   444.4   482.6   534.1   624.0   843.7  1105.5  3029.9  97517.4    97362
read      499.0   249.8    80.4   176.8   222.6   466.5   538.4   586.3   636.5   744.9   867.7   984.1  1145.4  1349.1  6994.1 107350.4   107412
read      281.2   130.4    74.4   128.5   142.9   262.8   325.5   359.8   383.7   411.0   446.5   499.7   606.4   806.7  3397.5  65047.2    65030
read      279.8   124.7    74.4   128.2   143.1   258.6   319.6   355.7   381.3   410.8   449.6   506.6   621.4   797.3  1897.3  79144.4    79278
read      282.8   118.1    80.4   132.4   147.7   274.8   331.2   360.6   380.3   402.1   430.4   472.1   557.0   691.1  3085.5  47349.8    47544
read      414.4   213.7    80.4   160.4   190.0   378.5   465.1   512.8   548.7   597.9   677.8   834.8  1070.0  1290.9  4714.7 105566.8   105368
read      282.5   128.4    80.4   129.1   143.7   267.6   329.8   362.3   384.4   409.3   441.6   492.3   589.5   846.0  2673.1  58221.0    58181
read      282.3   126.8    74.4   129.7   144.3   269.0   330.5   363.0   384.8   409.1   440.3   489.5   582.3   727.8  1991.8  56982.8    56960
read      269.3    97.6    86.8   156.4   174.9   265.8   294.1   310.1   320.7   337.0   357.9   392.5   469.7   951.6  4118.5  14848.6    14849
read      282.0   127.0    74.4   129.0   143.4   264.3   327.0   361.5   384.8   411.4   446.4   500.0   606.6   839.7  2629.6  63437.4    63672
read      286.1   121.7    80.4   133.0   148.2   277.1   334.9   364.7   385.0   407.6   436.8   484.9   580.1   759.3  2113.3  48370.8    48289
read      254.0    96.7    86.8   156.1   171.9   249.4   274.3   288.9   298.6   312.5   330.8   363.9   439.2  1042.6  3434.8  11731.6    11797
read      265.3    97.4    86.8   159.7   176.3   259.1   287.6   303.5   315.6   332.1   354.8   390.7   475.5  1003.6  4279.3  10724.6    10781
read      283.5   125.3    74.4   132.2   147.1   274.3   331.2   360.8   380.6   402.8   432.1   477.5   574.5   829.0  2636.9  49230.2    49362
read      439.7   244.6    80.4   158.4   187.7   401.2   495.6   545.0   583.7   635.7   738.2   933.3  1157.4  1372.6  7006.4 102139.0   102119
read      281.6   118.3    80.4   132.0   147.0   275.3   330.3   358.9   377.9   399.3   426.8   467.9   552.9   687.7  1878.8  46204.2    46213
read      322.7   172.6    80.4   139.3   158.0   292.9   360.8   400.5   431.3   468.1   517.8   598.6   838.4  1257.6  4198.6  97081.0    97025
read      267.2    81.2    86.8   151.3   169.1   266.4   295.3   311.5   322.2   338.3   358.2   389.2   459.2   616.1  2082.4  18320.0    18351
read      276.2   103.4    80.4   149.4   166.8   275.1   307.6   324.6   338.8   355.5   375.8   409.7   493.0   659.6  3526.8  21483.8    21426
read      283.8   108.9    74.4   134.9   150.2   279.2   331.8   359.7   378.2   399.1   425.8   466.4   546.3   674.8  1708.2  42942.6    43013
read      282.4   143.2    80.4   129.1   143.6   262.5   325.9   361.2   385.4   412.8   448.4   501.8   606.3   833.3  3627.8  67203.2    67376
read      287.1   118.6    80.4   139.8   155.4   284.5   331.8   357.2   373.6   393.9   419.2   459.2   544.2   699.8  3842.6  36147.8    36043
read      252.8   120.0   101.3   163.4   176.4   240.2   265.2   278.9   290.6   305.9   329.3   374.7   485.6  1164.7  5081.8   6248.8     6255
read      439.8   240.9    80.4   160.4   190.4   399.7   493.6   544.5   585.2   640.5   743.0   923.1  1146.3  1379.1  5714.0 102423.8   102499
read      285.3   106.4    86.8   145.8   163.2   283.5   321.2   343.6   359.8   377.6   401.8   440.4   533.2   692.2  3429.0  26386.2    26263
read      281.6   122.2    74.4   129.5   144.1   268.1   329.0   361.1   383.1   407.5   438.5   490.1   586.7   736.5  2285.8  57066.6    56974
read      284.5   114.5    80.4   136.3   151.4   281.1   331.4   357.3   374.4   395.2   421.4   461.9   547.5   714.8  2561.4  40924.8    40869
read      281.6   120.8    80.4   132.4   147.5   275.4   329.6   358.0   376.5   398.3   425.9   467.6   550.1   690.9  2109.3  46441.6    46514
read      256.9    98.7    93.8   157.3   173.5   252.5   277.5   291.9   302.4   315.6   334.8   367.2   440.2  1044.7  4159.1  11462.8    11431
read      282.4   121.0    74.4   129.8   144.5   268.0   330.3   363.3   385.6   410.6   442.5   492.7   586.2   744.6  1767.2  58497.0    58600
read      283.4   133.3    74.4   129.1   143.8   263.0   327.1   362.4   387.0   415.2   452.3   507.1   621.5   846.2  3394.8  68226.6    68058
read      282.5   116.3    80.4   130.5   145.3   270.9   331.1   362.9   384.4   408.2   438.4   487.5   578.8   692.4  1360.7  54487.2    54502
read      284.9   138.4    80.4   129.6   144.6   265.7   330.0   364.9   388.8   416.1   451.7   504.6   615.8   853.0  3711.4  64194.0    64022
read      283.8   121.1    80.4   131.7   146.6   273.4   332.0   362.5   383.2   406.1   436.1   484.7   577.2   737.2  2522.2  52133.2    52142
read      355.7   187.1    74.4   146.1   167.5   318.6   396.1   442.8   477.8   521.5   582.5   693.3   967.8  1292.5  3413.8 101189.6   101375
read      286.3   121.2    80.4   137.0   152.0   282.3   333.1   359.2   376.4   397.3   424.0   465.0   550.2   732.2  3482.6  40755.8    40606
read      289.4   137.9    80.4   134.8   150.1   280.0   336.5   365.8   386.0   408.7   436.6   486.2   589.0   901.4  3473.3  47487.8    47485
read      283.3   118.4    80.4   132.6   147.6   275.6   331.9   361.2   380.9   402.8   431.7   475.2   561.6   690.1  2280.0  48877.2    48977
read      286.6   119.0    74.4   137.5   153.0   283.8   333.3   359.1   376.3   396.6   422.3   462.2   545.7   689.3  3197.6  38577.2    38615
read      281.1   124.2    80.4   129.2   144.4   260.4   321.4   356.7   381.7   411.0   450.0   507.7   623.0   789.3  1994.8  80347.2    80279
read      281.0   133.4    80.4   128.9   143.6   260.2   321.8   357.0   381.3   409.2   446.6   503.9   622.8   912.1  3357.2  75760.2    75843
read      279.5   121.8    80.4   128.6   143.1   261.5   324.4   359.1   382.4   408.8   443.4   496.8   596.0   764.2  1508.9  67241.4    67095
read      286.4   124.3    80.4   136.1   151.5   282.2   333.0   359.9   377.9   398.5   425.1   465.2   550.3   777.6  3010.1  41420.2    41325
read      283.7   121.5    80.4   131.0   145.8   270.8   330.6   363.1   385.2   409.7   441.1   491.4   586.7   757.0  2216.4  55724.2    55752
read      289.1   140.4    74.4   131.9   147.9   267.2   328.9   364.7   390.9   422.1   462.6   524.3   646.3   855.7  3040.7  85598.6    85561
read      268.4    90.1    93.8   159.6   178.7   264.9   292.0   307.5   318.2   333.9   354.0   386.8   458.1   797.7  3570.0  14296.4    14194
read      291.7   137.0    80.4   132.8   149.5   269.6   331.7   367.6   393.8   425.1   465.6   528.3   655.7   862.7  2701.2  88043.2    88002
read      294.3   134.1    80.4   134.1   150.8   271.4   333.0   368.7   395.5   427.9   469.5   534.9   672.5   922.8  2418.6  90476.2    90515
read      462.5   263.4    80.4   161.4   192.8   427.9   512.6   560.4   602.7   678.7   831.5   978.1  1163.8  1423.1  7222.8 109378.0   109283
read      278.9    96.7    86.8   143.7   160.8   278.7   315.7   336.8   351.9   369.3   391.9   426.4   504.5   639.1  2226.9  26765.8    26699
read      286.0   138.8    80.4   137.6   152.8   281.9   329.6   354.8   371.9   392.8   419.1   460.7   546.3   822.1  5779.3  37338.4    37400
read      269.9    98.4    80.4   150.7   168.3   268.7   298.9   315.4   327.8   343.1   364.0   395.2   467.5   628.7  3056.3  19345.6    19307
read      256.1    83.1    86.8   157.5   174.6   252.3   276.9   291.1   301.0   313.9   332.0   363.9   440.4  1020.2  3187.7  11486.6    11527
read      283.5   125.6    80.4   129.9   145.4   262.7   323.1   358.6   384.4   414.6   454.1   512.2   632.3   807.4  1687.6  83627.4    83787
read      273.7    99.5    86.8   148.1   165.1   272.9   305.6   322.2   336.8   353.1   373.0   405.6   487.5   731.7  2657.9  22205.6    22209
read      280.7   128.0    74.4   129.2   143.9   260.9   322.6   357.1   381.5   409.6   446.9   503.5   615.9   775.0  1939.7  75010.0    75169
read      281.2   134.7    74.4   128.7   143.6   260.8   322.2   356.8   381.2   409.6   447.1   504.2   622.4   838.1  3189.8  73890.2    73833
read      303.8   147.0    80.4   135.9   153.1   278.8   341.4   378.8   405.8   440.6   486.8   555.9   728.5  1125.3  2564.2  94557.8    94641
read      282.3   128.0    80.4   129.5   144.1   265.8   327.4   360.4   383.1   408.9   442.7   496.9   604.0   917.3  2113.6  61285.6    61338
read      297.7   132.6    80.4   135.6   152.7   276.4   338.0   373.6   400.0   432.2   474.9   538.3   663.3   861.8  1981.1  91820.0    91825
read      283.6   133.0    74.4   129.7   144.8   262.7   324.8   359.9   384.7   414.0   452.7   509.6   630.1   842.1  3025.8  77172.0    77235
read      281.2   102.7    80.4   137.1   152.3   279.9   326.8   351.8   368.6   388.1   411.4   448.0   521.1   637.3  2067.8  37240.6    37257
read      282.4   113.6    80.4   140.4   156.6   281.0   323.2   346.7   363.5   382.0   403.9   440.0   522.7   669.9  3814.2  31947.8    32057
read      460.9   250.2    80.4   166.0   199.2   432.0   506.2   546.6   583.9   652.0   833.1   970.0  1118.0  1327.2  7064.1 108734.8   108618
read      280.0   129.1    80.4   128.5   143.1   260.2   321.1   356.0   380.4   408.6   446.1   501.9   612.7   823.8  3140.7  72875.6    72930
read      282.8   111.4    80.4   134.3   149.4   278.4   330.5   357.6   375.3   396.9   424.0   465.5   549.2   694.8  1485.0  43749.4    43714
read      285.9   132.6    74.4   131.2   147.1   264.4   325.4   360.7   386.1   416.4   456.3   514.8   636.7   836.5  2825.4  87548.4    87369
read      281.7   128.0    80.4   130.1   144.6   267.7   328.1   360.2   381.7   405.6   436.9   487.1   582.3   835.0  3352.0  56484.6    56640
read      317.3   159.8    80.4   138.5   156.6   288.3   355.1   395.2   425.5   462.2   509.5   589.0   828.5  1143.8  3109.0  97321.6    97360
read      281.3   126.5    74.4   129.0   144.1   260.3   321.2   356.7   381.9   411.4   450.8   508.1   625.6   798.2  2356.3  79764.0    79788
read      258.1   117.0    86.8   158.4   175.8   252.8   277.6   291.5   301.8   315.4   335.8   368.5   449.9  1019.7  5043.8  11345.6    11352
read      284.8   125.5    74.4   130.8   146.7   263.5   324.7   359.7   385.0   415.5   455.2   514.5   634.3   812.7  1662.1  87710.4    87962
read      290.1   129.9    80.4   138.2   153.6   285.0   335.9   362.3   380.4   401.1   429.2   472.7   585.1   832.9  2030.3  40519.4    40663
read      280.6   121.3    74.4   129.4   143.8   266.6   326.7   358.9   380.6   405.2   438.1   491.2   589.0   787.5  1983.5  59185.2    59386
read      283.2   123.1    80.4   132.9   147.9   275.6   330.2   359.0   378.0   400.0   428.7   471.1   570.8   787.6  3034.5  48257.4    48302
read      268.4    92.5    86.8   150.1   167.4   267.8   298.0   314.6   326.6   341.6   361.4   391.6   459.8   588.9  3174.6  19443.8    19398
read      284.1   139.1    80.4   130.1   145.5   263.1   323.7   358.8   383.6   412.9   452.0   510.0   631.3   862.9  3630.1  82025.8    82197
read      280.5   126.6    80.4   128.7   143.5   260.4   321.7   356.6   380.8   409.3   447.0   504.3   619.9   807.5  2163.7  77329.2    77387
read      281.5   130.3    80.4   129.2   143.9   261.3   323.6   358.9   383.4   411.8   449.3   504.4   618.8   795.7  3272.6  72870.2    72753
read      251.3   194.4   101.3   161.2   174.9   240.9   264.4   276.7   286.9   297.1   315.0   344.6   425.5  1719.3  8993.2   7691.6     7720
read      283.7   116.7    80.4   133.0   148.3   277.7   332.1   360.6   379.6   401.0   428.8   469.5   554.9   718.9  2539.4  46277.6    46279
read      281.3   119.0    80.4   133.2   148.5   277.4   328.4   355.6   373.2   393.9   419.1   457.3   536.9   691.3  3110.2  42076.4    42102
read      285.0   132.3    74.4   130.5   146.7   263.9   323.3   358.3   384.0   414.6   454.6   513.3   632.4   823.2  3363.7  90642.4    90892
read      283.9   114.8    80.4   135.6   151.3   281.7   331.0   356.9   373.8   394.2   419.4   458.2   540.2   684.7  1977.0  39965.0    39976
read      281.2   135.4    80.4   128.4   143.1   264.7   327.3   360.5   383.0   408.3   440.9   493.0   592.5   803.1  3732.3  61079.2    61084
read      267.3    88.4    86.8   152.9   171.2   265.6   294.1   310.6   321.6   338.0   358.0   388.6   455.5   594.7  3439.7  16790.2    16735
read      280.9   113.2    80.4   132.1   147.3   275.5   329.3   357.3   375.7   397.4   424.6   465.4   545.2   672.0  2316.8  46008.4    45909
read      279.2   107.0    80.4   141.4   158.1   279.2   317.9   339.6   354.8   371.3   393.4   426.2   498.5   710.5  3841.7  29049.0    28976
read      278.7   124.7    80.4   128.6   143.8   258.4   317.8   352.3   377.4   406.5   444.9   501.9   615.2   791.2  1996.3  84829.0    84704
read      376.9   198.9    74.4   147.4   170.6   338.8   424.6   471.3   504.6   544.9   610.0   777.1  1033.7  1241.3  2402.9 102002.4   101822
read      282.3   135.1    74.4   129.9   145.8   261.2   320.9   355.4   380.4   410.0   449.2   507.2   626.2   821.1  4218.3  92596.0    92571
read      254.6   101.2    86.8   156.8   173.6   251.4   275.4   289.4   298.6   311.5   327.4   356.1   418.9  1066.6  3226.6  12185.0    12106
read      278.0   129.5    74.4   127.9   142.3   263.6   324.7   357.2   379.0   402.8   433.6   481.3   571.8   725.8  3196.9  58356.4    58568
read      280.0   115.9    80.4   130.0   144.6   270.5   329.6   359.8   379.7   401.5   430.4   472.5   559.6   701.7  1936.5  51311.8    51319
read      275.0   101.2    86.8   149.0   166.6   274.0   306.6   323.9   338.0   354.1   373.6   403.7   476.2   747.2  3121.4  21551.8    21556
read      262.9    79.3    93.8   156.6   174.8   261.1   288.0   302.7   314.0   327.7   345.4   373.7   433.6   593.8  2169.2  14248.6    14191
read      282.7   104.2    80.4   142.6   160.1   282.0   320.9   343.4   359.6   377.1   399.6   433.5   517.8   715.8  2938.4  28943.4    29072
read      264.9    82.7    86.8   153.0   171.3   263.6   292.2   307.8   318.2   333.5   352.7   381.8   447.0   576.8  2100.0  16449.2    16350
read      278.6   129.8    80.4   128.1   143.3   257.6   317.7   352.0   376.8   405.2   443.2   500.8   616.2   829.2  2739.6  86900.6    86891
read      404.4   221.8    80.4   152.6   178.8   367.4   457.3   503.1   536.6   581.6   666.1   853.1  1064.6  1236.8  3830.2 104403.2   104441
read      245.6    85.3    93.8   157.8   173.2   240.5   263.4   274.9   285.2   295.7   312.8   341.3   422.2  1055.5  3886.0   8923.8     8906
read      281.6   113.4    80.4   134.1   149.4   278.7   329.4   355.5   372.6   392.8   417.5   455.8   539.5   708.2  2901.6  42113.8    42175
read      279.8   113.9    80.4   130.6   145.3   271.2   329.6   359.1   378.6   400.2   428.2   469.6   558.0   695.4  1767.8  51842.0    51797
read      275.7   126.4    74.4   126.5   141.2   255.2   317.2   352.1   376.3   403.8   439.3   494.4   597.2   783.7  3053.9  76847.2    76678
read      272.1    90.1    86.8   149.8   167.4   271.6   302.8   319.4   333.4   348.6   368.7   399.3   470.1   617.0  3780.7  19717.0    19630
read      330.6   175.0    80.4   139.5   158.8   295.6   367.1   410.6   443.8   482.6   533.2   625.9   968.4  1235.5  2705.0 100366.4   100132
read      283.2   108.8    80.4   136.2   151.5   280.6   330.3   356.7   373.7   394.2   419.5   457.9   538.6   674.1  2018.6  40409.0    40498
read      450.5   228.3    80.4   172.6   209.0   419.4   495.2   539.8   580.9   648.6   768.6   902.4  1069.1  1263.8  4251.8 108256.2   108559
read      284.8   108.0    80.4   152.0   170.1   283.8   318.6   339.4   354.0   369.9   391.4   423.8   497.7   706.3  4076.8  23872.0    23964
read      281.2   120.7    74.4   129.8   144.8   261.9   325.2   360.4   384.5   412.0   447.9   501.5   605.6   765.5  1432.7  70787.4    70760
read      336.8   173.3    74.4   146.9   168.3   310.5   378.8   420.4   452.0   489.9   538.8   617.4   785.3  1001.8  3173.8  99363.2    99567
read      583.9   251.0    86.8   286.7   354.1   526.4   589.8   654.7   759.2   877.1   963.1  1050.3  1174.8  1423.3  7315.8 107445.0   107548
read      280.5   122.1    80.4   130.1   144.7   268.6   327.1   358.2   379.1   402.6   433.3   481.9   579.8   783.9  2481.1  53805.8    53742
read      335.1   162.9    80.4   142.6   163.6   305.6   375.1   418.1   450.2   488.4   538.1   627.3   864.6  1106.5  2270.9 103959.8   103931
read      276.0   117.7    74.4   127.8   141.8   261.8   322.3   354.7   376.1   400.6   432.0   480.5   576.9   714.1  1842.9  60465.2    60359
read      249.6   216.8    93.8   155.8   170.6   239.1   263.0   274.8   284.7   294.9   311.8   339.4   423.6  2228.4  8926.9   9669.6     9725
read      281.4   119.1    74.4   131.0   145.7   270.8   329.9   360.1   380.3   402.9   432.4   478.6   575.0   738.7  2109.0  51800.0    52014
read      281.7   108.1    80.4   135.8   150.9   279.4   328.7   354.5   371.3   391.3   415.9   454.6   535.9   665.8  2077.6  39999.6    40053
read      277.9   141.1    74.4   128.1   142.9   255.4   315.6   349.9   374.3   403.3   441.1   500.1   622.1  1050.7  4113.6  86452.2    86436
read      276.7    96.2    86.8   145.4   163.1   278.0   312.4   331.5   345.1   361.9   381.5   411.8   479.7   593.9  2466.1  24097.4    23983
read      281.4   141.5    74.4   127.8   142.3   262.2   325.4   360.1   383.8   410.6   445.5   499.4   608.3   847.6  4606.9  66467.0    66595
read      274.8    96.6    86.8   143.5   160.4   275.0   310.9   330.3   344.0   361.1   381.3   412.8   488.4   682.0  3272.2  25976.8    26056
read      281.4   118.9    74.4   131.0   145.8   272.2   330.6   360.4   380.3   402.5   431.4   475.4   563.4   706.0  2024.6  51619.6    51764
read      282.3   117.8    80.4   134.7   150.2   280.4   329.5   355.2   372.1   392.2   416.8   455.0   535.1   666.1  3768.9  40031.6    40202
read      273.7   123.6    74.4   125.5   140.1   253.0   314.9   349.4   373.9   402.1   437.4   492.6   592.9   787.6  1926.2  76658.4    76665
read      251.9    96.2    80.4   157.0   173.8   248.5   272.4   286.2   295.2   307.8   321.8   349.3   407.1  1040.1  4027.1  11181.2    11133
read      280.3   129.7    80.4   128.6   143.6   259.3   320.7   355.9   380.8   410.0   448.7   505.1   618.6   801.1  2087.9  80238.4    80405
read      275.9   120.9    80.4   126.3   141.1   255.4   317.2   351.6   376.3   405.1   442.5   498.8   604.7   770.9  1516.4  78861.8    79106
read      294.8   143.6    80.4   134.4   151.7   272.7   333.3   368.6   394.9   426.9   467.6   530.2   657.0   909.6  3801.0  97533.8    97258
read      279.6   106.6    80.4   136.2   151.9   278.6   324.8   349.3   365.8   384.5   406.5   441.4   517.1   628.2  2034.7  36246.6    36307
read      281.5   106.1    74.4   142.3   159.3   282.3   320.7   342.6   358.1   374.2   396.7   430.6   505.3   629.4  3095.8  28556.6    28636
read      279.7   111.5    80.4   133.9   149.0   276.5   326.1   352.6   370.0   390.4   415.4   454.5   536.6   703.9  2481.2  41577.6    41620
read      281.4   133.9    74.4   128.1   143.3   260.2   323.3   359.3   384.5   413.8   452.0   506.6   615.9   788.0  3002.5  75673.2    75736
read      283.2   115.1    80.4   132.8   147.9   277.4   331.5   360.0   378.9   400.0   427.2   468.1   550.3   724.0  2432.0  45041.8    44979
read      281.6   100.4    80.4   140.1   156.4   281.8   322.2   345.3   361.9   380.0   401.9   435.8   510.7   647.4  2783.3  31450.2    31478
read      281.0   113.4    80.4   136.0   151.7   278.6   324.8   350.2   367.7   387.4   410.8   448.9   529.5   719.3  2607.8  37591.0    37586
read      413.4   220.8    80.4   158.3   187.3   377.0   460.6   507.0   544.8   599.2   693.0   846.3  1048.2  1289.1  5534.8 108202.0   108330

Total QPS = 57423.2 (103361776 / 1800.0s)

Total connections = 64
Misses = 0 (0.0%)
Skipped TXs = 0 (0.0%)

RX 25530358919 bytes :   13.5 MB/s
TX          0 bytes :    0.0 MB/s
Warning! Detected max cpu usage > 95%
CPU Usage Stats (avg/min/max): 100.00%,50.75%,100.00%
