Random waveform, supplied seed
Total number of intervals = 180 (6927, 52892, 98921, 61129, 40613, 53226, 38560, 103465, 104758, 94759, 37799, 8296, 69443, 12517, 43591, 20430, 93758, 10485, 16518, 83230, 5484, 55611, 20774, 96726, 32442, 73039, 74055, 51197, 59442, 35654, 78747, 42212, 52488, 36950, 16762, 79473, 61431, 87172, 108181, 80515, 37149, 13444, 72057, 70041, 90162, 52082, 24258, 72013, 58012, 45398, 50177, 34504, 66010, 73937, 55020, 53235, 97743, 5419, 14764, 7451, 48208, 16149, 78989, 18886, 75954, 44409, 16431, 85707, 58253, 103867, 21604, 90401, 84467, 99700, 32052, 18173, 67789, 51929, 83850, 18614, 29315, 108090, 27024, 49907, 9150, 34328, 51881, 14569, 81517, 78694, 93409, 39093, 18729, 70818, 21942, 91810, 39588, 40957, 62645, 15539, 107672, 32954, 58866, 23739, 54701, 60706, 72350, 58661, 34912, 103268, 38703, 83358, 57408, 86837, 33517, 66204, 73758, 99742, 109462, 94453, 44096, 100467, 8576, 59359, 7614, 60329, 43762, 67038, 26095, 71173, 109276, 13150, 61250, 84472, 82226, 27671, 98736, 106314, 105027, 96867, 89493, 50538, 22083, 48618, 94298, 63579, 64573, 77178, 29824, 64495, 20917, 85651, 61935, 50216, 72251, 71798, 19701, 24952, 81838, 26648, 24837, 29420, 103882, 70314, 61679, 49557, 19325, 9128, 94933, 24327, 71896, 93771, 20452, 42338, 72627, 80603, 49049, 92305, 56889, 78036)
Average QPS expected = 56542
Timestamp start: 1778411400258
Timestamp end: 1778413200580

#type       avg     std     min      p5     p10     p50     p67     p75     p80     p85     p90     p95     p99    p999   p9999      QPS   target
read      247.6    87.4    93.8   160.8   176.3   238.8   265.0   279.3   290.0   302.9   320.9   351.6   427.2  1107.1  3013.6   6913.1     6927
read      297.1   170.4    74.4   128.3   143.5   280.0   341.9   374.4   398.1   427.1   465.5   527.3   670.8  2232.8  4597.9  52773.6    52892
read      312.9   151.2    74.4   136.5   155.2   287.8   351.2   388.6   416.9   452.1   498.0   572.5   812.7  1148.2  2457.1  98866.4    98921
read      278.1   120.3    74.4   128.1   142.9   266.3   325.5   356.0   376.5   400.3   431.1   479.0   576.1   731.8  2561.1  61199.5    61129
read      279.4   110.5    74.4   134.6   150.2   279.0   325.4   349.1   365.7   384.8   407.9   445.5   523.7   648.6  2346.3  40671.2    40613
read      279.6   122.6    74.4   129.8   144.6   270.9   327.4   356.2   375.2   398.0   427.4   470.8   561.1   777.3  3190.6  53206.4    53226
read      280.3   113.2    80.4   135.7   151.3   280.2   325.5   348.9   365.1   383.5   405.3   442.0   519.2   683.2  3459.3  38676.2    38560
read      332.1   166.8    74.4   140.8   161.8   301.5   371.0   413.2   445.3   483.5   534.5   623.9   878.2  1174.5  2972.1 103558.8   103465
read      383.0   212.8    74.4   147.2   171.5   339.9   427.2   477.0   514.6   563.1   636.5   791.4  1067.9  1343.9  4091.0 104751.0   104758
read      304.6   142.4    74.4   134.5   152.5   282.8   344.4   380.3   406.9   440.0   484.5   552.0   722.2  1015.7  2788.2  94686.4    94759
read      282.5   109.9    74.4   136.7   152.4   282.2   328.5   352.4   368.3   387.2   410.1   447.4   524.0   662.1  3081.0  37789.5    37799
read      247.4   136.5    93.8   163.9   179.1   239.5   263.2   275.2   285.3   295.4   312.2   339.1   401.0  1160.9  7353.6   8308.9     8296
read      277.2   122.2    74.4   126.5   141.4   260.6   322.2   356.0   378.7   404.3   438.2   489.9   585.5   733.2  2403.6  69414.3    69443
read      252.2    96.9    86.8   157.6   176.1   247.2   272.4   286.3   295.5   309.4   326.6   354.7   416.8  1095.7  3978.7  12540.3    12517
read      279.3   108.1    74.4   132.8   148.2   277.3   327.2   353.2   370.5   390.9   416.0   454.9   531.5   641.9  1785.4  43598.0    43591
read      267.9    87.6    86.8   148.0   167.7   266.8   296.6   314.3   327.1   342.3   361.9   391.1   458.1   602.5  2525.0  20429.5    20430
read      295.5   139.5    74.4   132.0   149.5   275.1   335.6   370.1   395.9   427.9   468.5   532.9   675.6   946.8  3463.2  93666.1    93758
read      249.6   103.1    86.8   160.9   177.6   243.0   267.3   280.5   290.3   302.0   319.0   346.7   413.9  1143.7  4051.9  10457.0    10485
read      263.7    94.5    86.8   153.1   173.6   260.6   288.7   304.1   316.0   331.1   349.5   378.9   450.1   665.6  3199.8  16540.5    16518
read      281.4   133.4    74.4   127.6   143.1   262.7   322.6   356.6   380.4   408.5   445.8   501.1   611.3   870.6  3923.3  83272.7    83230
read      233.6   105.4    93.8   160.8   173.4   224.6   244.7   256.3   266.1   276.1   291.6   317.5   398.7  1188.1  4032.1   5524.3     5484
read      278.8   121.7    80.4   128.2   143.0   269.0   327.5   357.9   378.0   400.9   430.6   474.1   562.5   724.6  2525.3  55492.3    55611
read      269.4   109.3    80.4   148.0   167.2   268.3   297.9   315.3   328.1   343.1   363.3   393.3   462.0   666.4  3423.3  20782.8    20774
read      321.9   171.8    74.4   137.1   156.0   291.8   359.4   399.1   430.1   467.2   517.3   604.1   877.4  1192.7  4270.0  96815.7    96726
read      283.8   102.1    74.4   142.9   160.1   284.9   325.6   347.3   362.8   379.6   401.0   434.1   505.2   625.5  2667.5  32522.2    32442
read      278.6   126.9    74.4   127.3   142.3   261.2   322.5   356.0   379.0   405.5   440.1   492.8   591.0   763.2  3062.7  72955.5    73039
read      279.6   129.8    74.4   127.3   142.2   262.0   323.3   357.1   380.5   407.1   442.0   495.0   594.0   798.9  2900.8  73954.0    74055
read      280.5   115.2    80.4   130.3   145.5   273.9   330.7   359.4   378.3   399.9   428.0   468.8   548.8   671.5  1936.1  51353.2    51197
read      278.2   121.6    74.4   127.6   142.4   265.9   326.4   357.5   378.5   402.1   433.2   480.1   571.7   726.0  2216.7  59422.0    59442
read      281.8   100.8    80.4   137.8   153.7   282.8   326.5   349.4   365.2   383.2   404.2   440.8   517.5   643.6  1889.4  35698.2    35654
read      281.9   133.8    74.4   127.9   143.3   263.5   324.7   358.7   382.6   410.4   447.0   502.2   610.1   814.9  3421.2  78760.8    78747
read      281.4   113.6    74.4   133.2   148.9   280.4   329.0   353.9   370.6   390.9   415.9   455.1   537.4   685.8  2807.2  42229.2    42212
read      285.6   147.9    80.4   131.2   146.5   275.4   332.7   362.1   382.3   404.6   435.0   483.4   586.9  1017.3  5168.9  52416.8    52488
read      284.0   119.9    80.4   139.5   155.3   282.7   328.0   351.7   368.1   387.5   411.4   450.0   528.6   674.6  3155.0  36798.9    36950
read      264.2    90.9    86.8   155.6   175.4   261.6   289.6   305.3   317.0   331.8   349.1   376.9   438.6   582.3  3003.1  16827.8    16762
read      290.1   143.1    74.4   130.5   146.5   271.2   332.4   366.4   391.2   421.0   459.9   518.3   637.3   949.6  3635.8  79456.6    79473
read      283.6   126.6    74.4   129.1   144.2   270.5   330.7   362.1   383.9   408.8   442.2   495.2   596.8   771.8  2651.8  61486.2    61431
read      295.7   141.1    74.4   131.3   148.2   275.7   337.3   371.9   397.7   429.2   469.8   534.5   673.0  1009.3  3118.8  87310.2    87172
read      487.0   291.2    74.4   155.5   185.6   451.4   555.1   605.4   644.8   718.1   927.4  1077.4  1270.4  1537.0  7207.6 108020.8   108181
read      346.6   199.4    74.4   134.4   153.1   306.8   388.5   437.0   472.6   514.4   572.0   700.4  1009.7  1247.4  4761.1  80557.3    80515
read      285.0   112.3    80.4   138.7   154.4   284.0   331.1   355.3   371.2   390.5   414.3   452.2   528.4   654.0  2454.2  37173.9    37149
read      262.3    99.1    93.8   162.0   181.3   257.4   284.2   297.5   309.9   322.9   341.3   369.3   433.5  1074.5  3470.8  13462.0    13444
read      281.6   128.3    74.4   128.5   143.4   264.4   326.3   359.9   383.1   410.0   445.7   498.6   599.9   780.5  3304.9  71938.7    72057
read      281.9   133.2    74.4   128.5   143.6   264.8   326.0   359.2   382.3   409.3   444.6   498.1   601.2   787.1  3482.1  70032.0    70041
read      312.8   147.5    74.4   135.6   153.6   288.8   354.3   392.3   421.2   456.3   502.3   578.3   758.3  1050.7  2034.7  90273.9    90162
read      283.3   120.8    74.4   131.9   147.1   274.8   332.3   361.3   381.0   403.0   432.6   476.8   564.7   730.2  2931.9  52019.1    52082
read      278.0    94.5    80.4   148.0   166.2   278.6   312.8   332.0   345.1   361.4   380.4   410.4   475.4   621.7  3368.1  24319.7    24258
read      283.7   130.1    74.4   129.1   144.4   266.3   327.9   361.4   384.9   412.3   448.8   502.9   610.2   812.1  3022.2  72157.0    72013
read      282.9   125.5    80.4   129.9   145.0   270.4   331.0   362.3   383.8   408.1   440.1   489.0   582.3   746.1  2706.6  58022.8    58012
read      283.5   118.1    74.4   134.5   149.9   279.2   332.0   359.0   376.9   398.0   425.4   465.3   543.7   661.5  3256.6  45337.5    45398
read      284.3   116.7    74.4   132.7   148.0   276.8   334.0   362.9   382.5   404.2   433.2   476.3   561.8   694.9  2374.9  50099.5    50177
read      283.7   104.2    80.4   140.8   157.1   283.5   328.0   350.8   366.5   384.6   405.8   442.3   513.2   634.0  2008.8  34525.8    34504
read      281.7   131.1    74.4   128.8   143.7   265.9   327.2   360.1   382.9   409.0   443.4   495.2   592.3   767.4  3274.8  66033.2    66010
read      283.5   126.9    74.4   129.1   144.3   265.8   327.0   361.1   385.2   413.4   450.4   503.8   611.9   792.5  2478.1  73926.0    73937
read      283.0   119.9    74.4   130.5   145.7   273.0   332.3   362.5   383.2   406.2   436.5   483.6   574.0   708.7  1938.6  55117.5    55020
read      284.4   122.8    80.4   131.9   147.3   274.8   333.2   363.2   383.8   406.6   436.8   482.8   572.5   728.5  2965.7  53342.2    53235
read      452.4   274.4    74.4   147.4   173.5   405.8   519.8   574.7   617.1   677.9   815.8  1015.6  1242.8  1485.3  7118.4  97832.1    97743
read      234.3   125.0    93.8   161.6   173.9   226.2   246.1   257.3   266.6   276.3   291.2   315.9   382.8  1178.7  7216.6   5435.4     5419
read      264.4    79.5    86.8   159.0   179.6   261.5   288.5   303.4   315.1   329.3   346.2   373.2   434.6   678.8  2652.8  14728.5    14764
read      242.0    96.3    93.8   163.9   177.8   234.7   256.9   269.5   278.3   290.0   305.3   332.1   395.1  1140.0  3925.9   7449.3     7451
read      289.6   162.2    74.4   132.3   148.0   280.5   336.0   364.0   383.0   404.0   433.3   479.1   593.2  1458.9  6870.9  48108.2    48208
read      268.4   458.1    86.8   152.9   173.1   259.3   287.8   303.0   315.0   329.7   347.5   376.9   444.4   669.4 34226.2  16075.4    16149
read      278.6   124.9    74.4   126.5   141.8   261.0   320.7   354.5   377.9   404.7   441.0   495.8   599.8   804.6  2586.5  78985.9    78989
read      261.4    92.8    80.4   148.5   167.8   260.1   288.4   303.8   315.5   330.0   347.3   375.8   441.7   589.1  2405.6  18842.7    18886
read      277.4   125.3    74.4   126.2   141.4   260.5   320.5   353.4   375.9   402.4   437.2   491.7   593.0   776.1  2555.8  75832.7    75954
read      281.5   112.3    74.4   133.1   148.8   279.4   329.7   355.0   371.7   392.1   417.7   458.2   543.3   703.5  2364.9  44482.8    44409
read      264.5    83.3    80.4   153.9   175.0   261.1   288.9   304.1   316.0   331.1   349.7   381.7   461.3   773.1  2698.5  16413.9    16431
read      281.4   133.1    74.4   128.1   143.8   263.8   321.9   355.0   378.3   405.7   443.0   499.9   613.7   811.8  3486.5  85675.0    85707
read      279.3   118.1    80.4   128.0   142.9   268.8   327.7   357.9   378.3   401.8   432.4   480.0   574.2   736.4  1893.6  58392.6    58253
read      416.0   250.4    74.4   146.3   170.8   363.9   472.5   525.8   563.9   615.2   716.5   952.2  1157.0  1390.6  6321.1 103802.6   103867
read      274.0   143.2    80.4   148.3   167.3   270.9   302.3   319.8   333.8   348.8   369.3   400.4   479.7  1054.7  7835.2  21553.9    21604
read      368.5   217.1    74.4   140.4   161.3   323.0   407.9   461.2   501.2   549.6   620.1   754.9  1090.6  1381.9  5681.8  90429.0    90401
read      296.1   141.3    74.4   131.4   148.4   276.8   338.6   373.2   398.8   430.0   470.5   535.2   667.1   912.3  3349.7  84451.1    84467
read      489.3   317.9    80.4   152.5   179.1   442.1   576.5   629.0   667.9   720.9   856.7  1137.9  1356.6  1614.3  7410.1  99538.6    99700
read      286.5   110.9    80.4   140.8   157.4   283.3   327.2   350.7   367.1   386.6   411.2   452.7   557.5   890.2  3009.8  32076.6    32052
read      269.2    84.4    80.4   154.2   174.6   267.3   295.8   313.1   325.4   340.5   360.2   390.3   456.3   596.8  2708.6  18128.7    18173
read      284.3   128.6    74.4   129.0   144.2   268.5   329.3   362.5   385.8   413.1   449.3   503.0   609.8   770.9  2657.9  67755.7    67789
read      286.8   125.7    80.4   131.9   147.3   278.1   335.1   364.6   385.0   408.2   438.5   488.2   584.3   752.8  3380.9  51997.4    51929
read      298.9   142.5    80.4   132.6   149.7   279.7   341.4   376.5   402.1   433.9   475.4   539.0   671.0   911.5  3543.6  83919.3    83850
read      271.9    88.1    80.4   154.0   174.1   269.8   299.3   316.6   329.7   344.5   364.9   395.5   467.8   632.7  2577.9  18705.1    18614
read      285.8   104.5    80.4   144.8   162.3   285.3   325.0   346.6   362.4   379.6   402.0   437.6   520.3   685.6  2297.2  29358.4    29315
read      478.7   293.8    74.4   154.6   182.9   432.0   549.6   605.4   647.5   714.7   881.3  1077.2  1282.5  1549.5  7266.5 108161.0   108090
read      284.8   116.2    80.4   143.1   160.8   280.2   318.4   340.5   356.7   374.5   400.7   445.7   592.0   917.6  3417.6  27109.7    27024
read      285.4   117.3    80.4   133.2   148.5   278.7   333.8   362.5   382.3   404.2   433.9   479.3   569.7   713.3  2245.7  49955.1    49907
read      248.0    91.9    93.8   163.5   179.1   241.2   265.3   278.2   288.3   298.9   316.0   343.0   402.9  1143.2  3610.6   9141.7     9150
read      284.8   114.2    80.4   140.8   157.0   283.7   328.4   351.8   367.6   386.1   408.1   444.3   520.3   682.5  2945.2  34363.1    34328
read      287.7   117.9    74.4   135.3   151.1   278.7   336.6   366.1   386.4   409.1   438.2   485.2   576.7   724.4  1867.0  51813.8    51881
read      267.7    89.4    93.8   162.0   181.7   263.1   290.6   306.2   317.8   333.4   352.8   383.9   461.0   868.7  2754.0  14581.8    14569
read      296.8   137.9    74.4   132.0   148.8   278.1   339.6   374.2   400.0   431.3   471.5   535.0   662.5   930.7  2967.4  81372.7    81517
read      292.6   133.2    74.4   131.3   147.8   275.4   336.4   370.2   394.8   424.6   463.5   524.0   638.8   858.4  3066.4  78773.0    78694
read      470.2   299.9    80.4   150.0   176.2   416.4   546.6   605.1   646.6   705.2   831.3  1072.0  1306.4  1567.6  7368.0  93362.0    93409
read      285.6   108.5    80.4   138.0   153.7   284.7   332.3   356.7   372.9   392.9   418.0   457.5   540.0   679.6  1895.9  39071.5    39093
read      267.5    88.9    86.8   152.4   172.2   265.3   294.4   311.3   323.0   338.5   357.7   387.2   456.4   616.7  2819.1  18698.7    18729
read      282.7   126.9    74.4   128.9   144.1   267.5   326.7   358.7   381.3   408.1   444.9   500.5   608.8   791.2  1932.1  70874.6    70818
read      268.0    88.1    86.8   147.3   165.8   267.7   297.1   314.8   327.3   341.9   361.8   392.1   460.8   601.1  2927.1  21888.2    21942
read      343.7   188.2    80.4   138.2   157.8   306.8   380.7   426.7   462.4   506.6   567.4   675.9  1006.7  1318.7  3185.4  91757.9    91810
read      282.2   107.4    80.4   136.9   152.2   281.2   327.5   351.2   367.9   387.6   412.1   452.9   537.7   665.3  2732.8  39558.8    39588
read      280.9   115.3    80.4   135.1   150.6   279.8   326.1   349.8   366.6   386.2   410.4   451.3   536.8   683.3  3058.9  41066.2    40957
read      282.1   129.8    74.4   129.2   144.1   269.0   327.2   358.0   379.9   404.7   439.0   493.4   593.4   766.3  3628.6  62571.3    62645
read      262.1    96.3    80.4   156.2   176.3   257.1   284.5   298.4   310.5   323.5   343.5   374.2   459.5  1077.5  3918.7  15534.6    15539
read      498.9   309.8    74.4   158.8   189.7   455.4   573.5   630.2   674.5   737.1   894.0  1108.5  1358.6  1699.9  7316.7 107681.2   107672
read      292.8   127.5    74.4   140.6   157.4   285.5   330.2   354.3   371.1   392.5   421.4   472.2   683.2  1046.1  2772.8  32960.3    32954
read      284.2   125.1    80.4   130.6   145.7   271.9   331.9   363.1   384.7   409.0   440.8   491.7   589.8   747.1  2291.0  58775.5    58866
read      271.6   100.8    80.4   145.6   163.8   273.0   304.2   320.8   334.6   349.1   368.9   399.1   467.9   613.2  2056.2  23761.9    23739
read      284.1   125.9    74.4   131.1   146.2   273.6   332.6   362.6   383.2   406.0   436.3   485.4   580.4   741.3  2675.5  54726.3    54701
read      283.4   123.5    74.4   129.8   145.0   270.0   330.8   362.9   384.9   409.9   443.2   494.1   588.1   722.9  2531.6  60701.4    60706
read      284.5   146.7    74.4   128.6   143.9   266.9   328.2   362.0   386.0   414.2   451.2   505.1   613.1   793.3  3129.6  72426.4    72350
read      283.7   124.2    80.4   129.6   144.6   271.1   331.7   363.1   384.9   409.9   442.1   492.8   589.6   742.1  2306.2  58767.9    58661
read      284.8   125.6    80.4   139.7   155.8   283.8   327.9   350.9   367.0   385.8   408.8   446.8   526.8   677.2  4046.7  34908.7    34912
read      510.5   310.8    74.4   158.2   188.9   476.6   582.4   637.4   683.4   753.5   927.0  1112.3  1343.3  1616.0  7407.7 103279.4   103268
read      292.3   129.9    74.4   137.9   153.6   285.6   335.2   361.3   379.3   400.6   430.0   479.0   620.2  1143.1  3644.5  38696.0    38703
read      295.8   135.8    74.4   131.7   148.7   277.2   338.9   373.3   398.7   429.8   469.8   533.4   661.8   887.6  2173.6  83492.8    83358
read      283.1   123.2    74.4   130.5   145.5   271.5   331.5   362.2   383.1   406.9   438.0   487.6   582.6   725.3  2361.7  57320.2    57408
read      316.5   154.0    74.4   135.8   154.0   292.5   358.9   396.7   426.0   461.6   508.3   585.8   761.6  1080.6  3427.5  86723.3    86837
read      284.0   108.1    80.4   140.3   156.7   283.8   327.3   349.7   365.5   383.7   405.5   443.3   517.6   647.0  3052.1  33520.7    33517
read      282.4   125.3    74.4   129.0   144.1   267.2   328.3   361.3   384.3   410.7   445.2   496.9   593.2   741.5  2191.6  66150.3    66204
read      286.2   134.2    74.4   129.4   145.0   268.7   330.3   364.3   388.3   417.1   454.8   508.6   617.7   793.2  3199.1  73796.3    73758
read      480.1   297.8    74.4   150.5   176.8   446.1   553.7   602.4   639.4   703.3   915.5  1083.1  1273.4  1508.2  7310.2  99724.2    99742
read      505.8   306.6    80.4   161.8   192.3   474.6   577.9   626.5   666.6   731.3   961.5  1125.2  1326.1  1603.2  7316.7 109411.4   109462
read      431.6   273.1    80.4   143.6   166.2   381.9   509.3   558.9   592.1   635.2   722.3   997.1  1199.6  1454.7  7289.9  94487.1    94453
read      291.8   129.5    74.4   135.0   150.8   282.2   336.0   364.5   384.6   407.6   439.6   496.4   649.2   898.9  3335.8  43996.9    44096
read      465.1   295.7    74.4   145.8   170.3   419.8   540.0   590.7   631.2   692.5   895.8  1064.6  1258.0  1496.5  7242.9 100352.9   100467
read      250.1   112.3    93.8   163.4   179.0   241.4   266.3   280.3   290.6   303.4   321.1   355.4   435.7  1133.8  4197.4   8613.8     8576
read      287.6   129.1    80.4   131.2   146.7   275.1   334.3   365.5   387.7   413.5   447.0   500.2   608.9   819.7  3012.8  59414.0    59359
read      240.1    96.8    93.8   162.5   176.4   232.0   253.4   266.5   275.0   287.5   302.6   332.4   414.6  1141.1  4881.0   7611.5     7614
read      290.8   156.9    74.4   131.0   146.4   275.5   335.3   366.5   388.9   415.1   449.8   504.6   636.9  1492.5  3591.5  60278.7    60329
read      284.3   120.1    80.4   134.3   150.0   280.9   330.9   356.5   373.8   395.1   422.5   465.3   555.6   735.7  3636.7  43729.2    43762
read      279.6   128.4    74.4   127.3   142.1   263.8   325.3   358.2   380.9   406.7   440.8   492.4   590.3   764.5  2198.9  67082.4    67038
read      278.9   109.9    80.4   145.2   163.1   279.9   314.9   334.6   347.8   364.6   384.9   416.1   482.4   606.7  4019.4  26210.6    26095
read      281.2   122.9    74.4   128.1   143.3   264.8   325.7   359.1   382.6   410.0   445.8   498.5   595.2   747.5  1877.9  71320.9    71173
read      477.3   291.0    74.4   156.9   186.2   435.7   546.9   597.9   636.7   692.1   854.2  1069.4  1283.0  1580.3  7289.1 109224.6   109276
read      261.7   107.8    86.8   154.3   174.8   254.0   281.3   295.6   308.3   322.5   343.5   378.9   527.5  1011.9  3908.6  13162.4    13150
read      281.6   128.5    74.4   128.0   142.9   268.2   329.6   361.7   383.5   408.1   441.0   490.7   585.8   742.6  2615.2  61037.8    61250
read      291.6   132.4    74.4   130.8   147.3   273.3   335.1   369.2   394.4   424.8   463.4   522.6   639.2   839.7  2370.8  84253.5    84472
read      304.4   142.5    74.4   133.6   151.1   283.9   347.6   383.8   410.1   442.7   485.4   548.5   696.0  1046.2  2682.4  82321.3    82226
read      281.2   109.9    80.4   144.4   162.0   281.4   318.7   339.5   354.0   370.0   391.5   424.2   495.7   661.7  3460.9  27658.9    27671
read      385.8   226.9    74.4   142.8   165.4   336.6   432.3   486.4   525.8   575.3   648.3   833.7  1118.9  1378.2  5040.0  98577.1    98736
read      469.8   262.9    74.4   164.5   198.3   426.9   527.2   582.8   626.7   687.8   806.9  1003.3  1237.4  1486.2  7078.3 106342.3   106314
read      472.6   283.6    74.4   152.8   181.3   436.1   536.5   585.8   627.6   697.2   906.6  1045.6  1230.1  1474.5  7129.0 105065.0   105027
read      441.3   264.9    74.4   146.9   172.6   403.2   502.9   550.4   589.4   649.6   806.8   978.2  1160.2  1381.2  7091.1  96976.3    96867
read      319.0   156.3    74.4   136.0   154.7   293.5   360.4   399.0   428.9   465.1   512.4   592.1   798.2  1073.6  2737.1  89471.8    89493
read      284.0   117.1    74.4   132.2   147.7   277.2   333.8   362.0   381.2   402.7   431.6   473.6   561.2   697.0  2526.2  50545.6    50538
read      274.0    90.3    86.8   149.6   168.5   273.5   305.0   322.2   336.0   351.0   370.5   400.5   470.0   741.5  2819.6  22031.5    22083
read      281.1   113.9    80.4   131.8   147.0   277.2   330.8   357.4   375.0   396.2   423.2   463.6   546.0   689.4  2451.8  48592.5    48618
read      352.3   205.6    74.4   138.5   158.3   308.5   388.1   438.0   476.6   522.8   583.5   705.4  1081.0  1338.5  4094.7  94441.7    94298
read      288.8   162.9    74.4   129.8   145.3   271.0   333.0   365.7   388.6   415.4   450.8   504.2   627.3  1482.2  5285.2  63477.4    63579
read      280.6   130.1    74.4   128.1   142.9   265.3   327.1   359.6   381.9   407.3   440.2   491.4   587.8   764.0  2832.9  64533.7    64573
read      279.6   125.9    74.4   127.3   142.4   262.2   322.7   356.3   379.9   407.1   443.2   497.0   600.3   788.8  2268.7  77039.9    77178
read      285.8   103.9    86.8   147.4   165.0   285.7   325.3   346.1   361.2   377.1   398.9   432.0   504.3   666.1  3332.3  29838.4    29824
read      280.6   126.2    74.4   128.6   143.7   265.7   327.2   359.7   382.0   407.1   439.5   489.6   586.4   751.4  3079.3  64470.4    64495
read      273.7    99.0    86.8   150.6   169.8   272.5   303.2   320.7   334.5   349.2   368.9   398.5   466.7   663.7  3201.5  20897.2    20917
read      284.7   130.9    74.4   129.4   145.5   266.9   326.4   359.7   383.7   412.1   450.2   506.4   622.1   835.9  2718.2  85603.4    85651
read      279.0   125.6    80.4   128.3   142.9   265.5   325.4   357.1   378.4   402.8   434.3   483.8   578.9   752.9  3316.1  61908.3    61935
read      281.2   126.6    80.4   131.4   146.4   274.8   328.8   356.5   374.7   397.0   425.8   468.8   557.7   748.6  3685.8  50221.6    50216
read      280.1   128.6    74.4   127.7   142.7   263.3   324.3   357.3   380.3   406.8   442.0   496.1   599.7   793.0  3240.7  72140.4    72251
read      283.4   126.2    74.4   129.1   144.3   267.3   327.9   360.6   383.7   410.6   446.1   501.2   612.5   806.9  2236.1  71760.6    71798
read      268.1   139.1    80.4   148.4   167.3   263.5   292.5   309.0   320.3   336.7   357.0   389.4   479.3  1273.3  7055.4  19722.9    19701
read      277.2    95.5    86.8   145.2   163.4   277.6   310.9   329.7   343.3   360.4   381.0   414.1   499.2   709.3  3020.5  24958.1    24952
read      285.9   136.4    74.4   129.1   145.0   266.6   327.7   361.7   385.8   414.1   451.9   509.7   634.3  1013.9  3205.4  81789.9    81838
read      282.8   105.3    80.4   144.4   162.3   281.4   316.6   336.9   351.4   369.3   393.6   432.6   542.1   813.2  2786.1  26661.5    26648
read      278.4   118.1    80.4   145.0   163.2   276.8   310.5   329.7   343.5   361.1   383.1   420.5   512.0   829.6  4243.8  24885.8    24837
read      272.9    94.3    80.4   140.0   156.7   275.7   309.7   328.4   342.0   358.5   378.0   410.1   490.4   632.3  2395.4  29380.1    29420
read      441.3   244.4    80.4   157.9   186.8   398.9   496.0   548.4   592.9   660.8   775.1   936.3  1130.7  1372.0  4708.8 103801.9   103882
read      277.1   127.4    74.4   127.3   142.4   262.5   323.3   354.9   375.9   400.3   431.9   480.9   581.0   739.0  3036.5  70260.9    70314
read      277.1   121.1    74.4   127.9   143.0   265.1   325.1   355.6   375.5   398.5   428.0   471.0   561.5   729.1  2661.6  61865.3    61679
read      275.6   112.6    74.4   129.8   145.2   273.0   324.3   349.8   366.8   386.4   410.1   449.5   533.8   681.2  2559.4  49509.0    49557
read      259.6    81.3    80.4   147.6   166.9   258.8   286.7   301.2   312.8   326.3   344.5   372.7   441.5   590.4  2789.2  19344.1    19325
read      238.8    85.0    86.8   157.8   173.7   231.8   253.3   266.6   275.2   287.8   303.5   334.1   409.4  1125.2  3216.7   9129.2     9128
read      299.9   135.2    74.4   135.1   153.2   280.6   340.7   374.1   399.1   429.9   469.7   534.9   682.9  1001.4  2861.7  94864.4    94933
read      266.8    88.7    80.4   142.6   160.6   267.9   298.7   315.7   328.3   343.0   362.8   392.7   460.8   587.4  2861.0  24377.1    24327
read      277.0   123.9    74.4   127.6   142.6   261.3   322.6   354.7   376.2   401.2   433.3   482.9   580.3   740.0  2377.0  71933.0    71896
read      302.6   134.9    74.4   137.2   155.6   285.0   345.0   378.5   402.7   433.2   472.1   535.2   664.7   872.9  2342.7  93750.7    93771
read      265.7    87.3    80.4   147.9   167.0   264.8   293.5   310.2   321.4   337.2   356.5   386.8   459.6   631.5  2650.4  20587.8    20452
read      277.2   105.4    74.4   132.8   149.0   278.1   324.3   347.6   363.9   381.9   403.5   438.9   517.4   648.1  1829.0  42262.5    42338
read      277.0   127.0    74.4   127.6   142.6   260.8   321.7   354.5   376.2   401.3   433.8   483.7   581.5   746.9  2423.4  72490.3    72627
read      277.7   123.6    74.4   127.8   143.4   261.1   320.0   352.5   374.6   400.8   434.8   488.4   590.4   779.0  2692.2  80612.4    80603
read      275.9   109.4    74.4   130.0   145.5   273.1   324.8   350.7   368.0   388.1   412.5   451.1   531.7   667.1  1795.6  49113.9    49049
read      294.0   129.4    74.4   134.0   151.8   277.1   336.0   368.3   391.8   420.6   459.0   518.8   642.0   875.6  2509.4  92117.4    92305
read      278.5   123.6    68.9   128.7   143.9   270.2   327.8   356.2   374.8   397.0   425.1   467.6   560.5   728.4  3274.9  56842.0    56889
read      279.9   123.2    74.4   128.6   144.3   264.0   323.6   355.7   377.8   403.4   437.0   491.3   593.9   789.1  2256.8  77920.4    78036

Total QPS = 56537.8 (101768080 / 1800.0s)

Total connections = 64
Misses = 0 (0.0%)
Skipped TXs = 0 (0.0%)

RX 25136715760 bytes :   13.3 MB/s
TX          0 bytes :    0.0 MB/s
Warning! Detected max cpu usage > 95%
CPU Usage Stats (avg/min/max): 100.00%,50.00%,100.00%
