Random waveform, supplied seed
Total number of intervals = 120 (6927, 52892, 98921, 61129, 40613, 53226, 38560, 103465, 104758, 94759, 37799, 8296, 69443, 12517, 43591, 20430, 93758, 10485, 16518, 83230, 5484, 55611, 20774, 96726, 32442, 73039, 74055, 51197, 59442, 35654, 78747, 42212, 52488, 36950, 16762, 79473, 61431, 87172, 108181, 80515, 37149, 13444, 72057, 70041, 90162, 52082, 24258, 72013, 58012, 45398, 50177, 34504, 66010, 73937, 55020, 53235, 97743, 5419, 14764, 7451, 48208, 16149, 78989, 18886, 75954, 44409, 16431, 85707, 58253, 103867, 21604, 90401, 84467, 99700, 32052, 18173, 67789, 51929, 83850, 18614, 29315, 108090, 27024, 49907, 9150, 34328, 51881, 14569, 81517, 78694, 93409, 39093, 18729, 70818, 21942, 91810, 39588, 40957, 62645, 15539, 107672, 32954, 58866, 23739, 54701, 60706, 72350, 58661, 34912, 103268, 38703, 83358, 57408, 86837, 33517, 66204, 73758, 99742, 109462, 94453)
Average QPS expected = 55318
Timestamp start: 1778400867171
Timestamp end: 1778402667478

#type       avg     std     min      p5     p10     p50     p67     p75     p80     p85     p90     p95     p99    p999   p9999      QPS   target
read      238.2    91.3    86.8   156.2   169.6   228.4   255.2   270.2   281.2   294.1   312.0   340.0   408.5  1094.1  3141.5   6939.9     6927
read      288.1   144.1    74.4   126.4   141.0   271.9   334.4   366.8   389.9   416.7   452.1   511.7   668.6  1117.8  3230.1  52813.3    52892
read      345.4   171.4    74.4   145.2   168.0   315.8   387.8   430.0   461.5   498.9   548.1   637.8   897.5  1233.7  3314.7  98895.1    98921
read      279.7   126.4    74.4   126.7   141.8   266.5   327.6   359.1   381.3   405.2   435.4   482.4   578.6   786.9  3049.2  61244.7    61129
read      279.4   105.6    74.4   132.9   148.5   279.1   326.6   350.2   367.6   387.4   411.1   448.5   528.1   664.4  1886.7  40590.0    40613
read      280.6   126.0    74.4   128.8   143.7   271.8   329.4   358.6   378.9   401.5   430.3   471.9   565.3   744.9  3019.0  53133.3    53226
read      281.9   114.9    80.4   134.7   150.6   281.9   327.9   351.0   367.9   387.6   411.3   448.3   530.1   684.8  2363.1  38623.4    38560
read      401.6   210.4    74.4   157.0   185.4   365.5   451.1   496.5   530.5   575.2   649.7   823.1  1047.7  1252.2  3950.9 103468.0   103465
read      388.1   196.2    74.4   155.6   183.4   354.1   435.7   480.8   513.9   556.7   623.8   763.2  1002.4  1187.2  3461.7 104931.0   104758
read      306.2   142.3    74.4   136.6   155.7   286.6   346.7   383.0   409.2   440.5   481.1   542.9   683.2   978.0  3322.0  94736.6    94759
read      283.2   107.9    74.4   135.5   151.6   284.0   330.1   353.4   370.0   389.9   413.7   449.6   524.8   649.8  2368.1  37798.7    37799
read      240.4    97.9    80.4   161.1   175.2   232.4   256.7   270.3   280.0   291.6   307.3   332.5   395.0  1112.4  3855.7   8288.0     8296
read      285.4   130.4    74.4   127.6   143.1   268.0   331.5   365.4   389.7   417.6   452.8   505.2   621.4   815.4  2300.3  69426.2    69443
read      253.8    94.3    86.8   157.8   176.2   248.6   275.7   290.4   300.5   313.2   329.5   356.4   422.3  1030.6  3349.8  12483.3    12517
read      285.9   113.3    80.4   134.8   150.8   283.4   335.4   361.5   379.6   400.8   427.0   464.8   544.9   684.9  2258.9  43530.3    43591
read      269.1    93.2    80.4   148.0   167.3   268.3   300.7   317.3   329.9   343.8   364.0   394.9   461.1   604.4  2184.3  20471.4    20430
read      294.5   132.9    74.4   133.2   151.5   276.8   335.4   369.1   394.5   424.4   462.1   518.8   636.6   849.7  2528.9  93714.1    93758
read      246.3    88.3    86.8   159.1   175.5   239.7   265.0   279.3   289.7   301.5   317.2   342.7   407.9  1097.8  3143.0  10482.5    10485
read      262.2   105.8    80.4   151.9   171.9   258.8   289.2   304.8   315.7   329.2   345.5   373.0   436.2   681.4  4372.8  16552.1    16518
read      283.0   127.6    68.9   128.3   144.5   265.1   324.9   358.4   382.9   412.0   448.2   501.0   609.8   806.8  2493.9  83214.7    83230
read      228.5   115.4    93.8   159.4   170.2   218.8   238.9   250.8   260.3   272.3   288.6   314.1   387.3  1148.6  5446.1   5484.9     5484
read      282.1   124.3    74.4   128.0   143.0   270.6   331.9   362.2   383.4   407.8   437.1   483.3   581.0   814.0  2759.1  55528.0    55611
read      269.4    88.5    80.4   147.7   166.8   268.5   301.4   317.9   330.7   344.5   364.5   395.2   463.5   606.6  2395.4  20782.1    20774
read      316.7   145.6    74.4   139.8   160.3   295.9   358.0   395.0   422.9   456.0   498.5   565.8   721.6  1006.4  3249.3  96630.0    96726
read      276.4    97.8    74.4   137.6   153.6   278.1   318.3   339.0   353.5   370.3   393.4   427.7   498.3   622.4  2290.6  32430.3    32442
read      281.1   130.8    74.4   126.9   142.4   263.3   325.1   358.4   382.1   410.1   444.7   496.6   600.8   829.4  3312.2  73221.3    73039
read      282.5   128.1    74.4   127.5   143.0   264.9   327.1   360.6   384.8   413.2   448.1   499.7   602.7   788.4  2335.3  73981.9    74055
read      285.4   140.8    74.4   130.2   145.6   275.6   334.0   363.1   383.5   406.7   435.7   480.6   578.5  1029.8  3791.3  51201.3    51197
read      285.8   123.9    74.4   130.0   145.4   272.6   334.2   365.6   388.1   414.0   446.1   495.2   591.3   757.4  2671.9  59411.1    59442
read      285.6   114.1    80.4   138.7   154.7   285.3   331.1   354.3   370.4   390.2   414.6   451.8   528.9   673.2  2539.5  35680.7    35654
read      292.4   130.4    74.4   130.9   147.7   274.7   336.5   370.5   396.0   426.2   463.5   520.0   634.7   826.1  2443.3  78763.1    78747
read      284.2   116.9    74.4   134.4   150.1   281.4   332.6   358.1   375.4   396.8   423.3   461.9   541.2   670.0  2630.7  42279.7    42212
read      283.7   117.7    74.4   130.7   146.1   274.6   333.8   363.1   383.7   407.1   436.0   479.9   569.1   696.7  1964.0  52506.0    52488
read      284.5   111.7    80.4   137.7   153.5   283.6   330.5   353.9   370.1   390.0   414.6   452.6   528.2   688.6  3030.2  36935.4    36950
read      265.9    89.8    86.8   155.4   175.5   262.2   292.9   309.5   320.2   335.0   352.5   381.6   445.5   657.3  3392.1  16798.8    16762
read      287.9   135.5    74.4   130.0   146.7   269.8   330.1   363.6   388.3   417.5   454.4   507.8   622.2   861.3  3460.6  79463.8    79473
read      281.8   122.9    74.4   128.5   143.7   267.6   329.7   361.1   383.3   409.2   441.3   489.6   585.0   742.3  2410.9  61483.9    61431
read      298.8   139.2    74.4   132.8   150.7   279.6   340.4   374.9   401.0   432.2   471.0   533.4   668.1   975.1  3381.7  87062.7    87172
read      553.8   267.4    74.4   210.8   269.6   509.3   583.9   638.5   707.2   834.9   944.5  1056.6  1235.8  1492.3  7240.1 108106.1   108181
read      311.7   165.2    74.4   132.6   150.5   284.7   350.1   388.5   417.2   451.8   497.5   577.9   852.2  1185.3  3213.5  80547.3    80515
read      283.7   108.5    74.4   137.5   153.2   282.8   330.2   353.6   369.9   389.8   414.2   451.3   526.4   650.2  2573.3  37163.5    37149
read      255.7   102.8    86.8   157.0   175.8   250.3   276.8   292.7   304.1   316.8   334.6   362.0   428.5  1038.0  3763.2  13398.7    13444
read      284.6   127.7    74.4   128.3   144.0   267.5   329.6   362.9   387.0   415.4   451.2   503.3   610.3   792.1  2052.4  72091.3    72057
read      283.5   126.9    74.4   128.3   143.8   266.8   328.7   361.4   384.9   412.5   447.5   499.9   605.3   801.1  2710.0  69982.9    70041
read      323.1   185.8    74.4   136.4   155.2   291.7   357.8   397.8   428.9   465.8   516.3   604.5   926.9  1454.6  4576.3  90154.4    90162
read      282.7   122.0    74.4   130.0   145.1   273.9   331.4   360.2   380.1   403.0   433.1   476.7   571.5   779.6  3241.5  52063.4    52082
read      273.6   100.1    80.4   143.8   162.0   272.3   308.4   326.5   339.7   355.5   374.7   407.3   484.1   664.0  3117.4  24305.7    24258
read      278.9   126.9    74.4   125.8   141.2   261.9   324.4   357.4   380.6   407.4   441.7   492.3   591.0   758.6  2518.4  71996.2    72013
read      281.5   123.8    74.4   128.0   143.0   268.4   331.4   362.5   384.2   408.6   439.5   484.6   575.4   737.5  2565.7  58007.1    58012
read      283.8   123.2    74.4   131.6   147.0   278.7   333.8   360.6   378.8   399.9   427.6   466.3   548.2   725.8  3454.4  45394.9    45398
read      283.1   125.6    74.4   130.1   145.4   274.8   333.5   362.0   381.7   403.8   433.0   472.8   561.3   724.8  2955.7  50112.3    50177
read      285.8   121.8    80.4   138.8   154.8   284.3   330.6   353.2   369.2   388.7   412.8   451.4   532.3   779.7  3373.0  34433.4    34504
read      283.7   125.6    74.4   128.2   143.7   267.9   330.7   363.2   386.4   413.5   448.1   498.5   594.5   772.8  2005.9  66063.3    66010
read      287.5   132.9    74.4   129.0   144.8   269.6   332.0   365.7   390.3   419.7   456.7   509.6   622.2   821.0  2860.4  73831.3    73937
read      287.2   131.9    74.4   130.3   145.8   274.9   336.5   367.4   389.2   414.4   446.7   493.8   588.2   745.5  3392.7  54892.5    55020
read      287.2   123.7    74.4   131.2   146.8   276.1   337.5   367.6   389.0   413.6   444.6   490.3   582.7   737.1  2217.4  53265.2    53235
read      476.3   279.5    74.4   157.7   189.1   441.9   539.1   588.7   629.6   691.3   854.1  1032.2  1244.4  1499.6  7282.1  97638.4    97743
read      237.1   123.7    93.8   163.2   176.9   226.7   247.3   259.6   268.7   279.9   296.2   322.9   396.6  1176.6  6432.7   5412.5     5419
read      263.3    83.8    86.8   156.3   176.3   259.0   288.4   305.3   316.8   331.3   348.1   376.9   446.7   693.6  2263.6  14730.7    14764
read      241.4    90.6    93.8   162.0   178.2   233.5   255.6   268.6   277.6   291.1   308.6   336.3   401.0  1077.1  3336.9   7459.9     7451
read      287.0   118.0    74.4   132.2   147.9   279.7   337.8   366.4   386.4   409.0   438.1   481.8   568.1   692.8  2017.7  48112.3    48208
read      268.9    91.2    86.8   155.7   176.2   265.4   296.1   313.2   324.9   339.5   358.4   388.1   455.7   689.0  3123.8  16175.2    16149
read      300.8   137.6    74.4   132.7   150.2   283.2   345.4   380.1   404.9   436.3   475.1   535.9   664.0   925.9  2657.5  79079.2    78989
read      265.6    93.7    86.8   147.4   166.3   262.5   294.2   312.0   324.3   339.6   359.6   391.6   465.3   682.4  3060.4  18870.1    18886
read      286.2   128.3    74.4   128.7   144.5   269.1   330.4   363.8   387.9   416.6   453.9   507.7   620.6   800.3  2628.4  75967.1    75954
read      285.6   122.6    80.4   133.3   148.8   281.4   334.8   360.9   379.0   400.1   428.5   469.4   556.0   720.2  2528.6  44350.1    44409
read      264.9    92.0    86.8   152.4   172.7   261.2   291.0   308.1   319.8   335.0   353.2   383.4   456.1   692.7  3097.1  16426.8    16431
read      305.8   149.4    74.4   133.7   151.6   285.5   348.5   384.7   411.4   444.2   486.1   549.1   692.4   992.2  3169.3  85674.3    85707
read      287.0   124.2    74.4   129.4   144.7   273.6   336.9   368.7   391.2   417.5   450.8   499.1   592.6   754.7  2494.6  58329.6    58253
read      546.5   305.7    74.4   174.8   219.0   516.9   612.1   665.6   709.0   778.3   945.6  1136.0  1367.1  1664.0  7391.7 103827.1   103867
read      279.2   108.2    80.4   145.2   163.5   274.5   311.9   332.0   345.6   363.6   386.2   424.4   545.2   941.9  3342.2  21657.7    21604
read      379.7   222.6    74.4   143.7   166.6   334.6   422.5   474.2   513.2   561.5   629.3   776.1  1121.6  1400.5  6013.4  90408.9    90401
read      298.1   135.9    68.9   131.9   149.5   279.9   341.8   376.0   401.2   432.7   471.2   533.6   663.1   879.0  2410.6  84476.4    84467
read      494.1   305.0    74.4   158.4   190.0   459.5   567.9   617.1   654.0   708.6   864.6  1102.6  1323.1  1663.9  7395.1  99816.4    99700
read      284.8   109.9    74.4   139.5   155.9   283.8   329.3   351.8   367.7   386.4   409.2   448.2   529.2   677.2  2101.5  32010.0    32052
read      267.3    92.0    80.4   151.1   170.9   264.5   295.3   313.1   325.5   340.0   358.7   387.5   452.2   623.2  3223.4  18147.0    18173
read      307.9  1717.6    74.4   129.5   145.4   272.2   333.7   365.9   389.1   416.6   452.6   505.7   617.3   839.7 103378.7  67850.0    67789
read      287.0   124.5    74.4   131.2   146.7   277.9   336.2   365.3   385.9   409.6   440.9   488.5   583.7   746.5  2892.5  51963.0    51929
read      306.3   144.4    74.4   133.7   151.8   287.0   349.6   385.1   411.2   444.1   486.3   549.9   693.9  1001.7  2976.6  83736.3    83850
read      265.0   101.1    80.4   148.8   167.9   262.4   292.5   309.4   320.7   336.5   355.8   386.8   460.5   623.1  3773.3  18608.9    18614
read      281.0    96.1    80.4   141.5   158.6   281.7   321.6   342.1   357.0   373.2   396.0   431.6   506.4   634.2  1985.3  29171.3    29315
read      538.8   286.5    74.4   192.2   241.2   507.9   592.6   640.3   683.7   752.0   919.8  1090.6  1283.6  1577.2  7369.3 108217.0   108090
read      281.3   116.9    80.4   140.0   157.0   277.0   317.1   338.8   354.4   372.3   398.0   442.1   569.1   907.4  3563.1  26963.5    27024
read      289.5   144.8    80.4   131.7   147.3   280.2   337.7   366.4   386.5   409.5   440.1   488.9   592.3  1077.8  4614.4  49886.1    49907
read      240.9    85.0    86.8   155.9   174.0   233.2   254.4   268.1   277.5   290.5   308.5   340.5   427.6  1066.8  3029.9   9173.4     9150
read      281.0   110.3    80.4   137.3   153.2   281.3   324.5   345.7   361.7   379.2   402.0   440.5   525.8   694.9  3103.4  34301.2    34328
read      283.2   126.9    74.4   129.5   144.6   275.1   332.4   360.9   380.7   403.0   433.8   480.5   576.5   745.1  3068.8  51796.0    51881
read      256.3    97.0    80.4   152.4   172.1   251.5   278.2   292.9   304.6   318.6   338.1   368.0   439.1   747.4  3396.0  14488.5    14569
read      289.7   128.6    74.4   129.8   146.4   271.9   333.7   367.9   392.8   422.8   460.6   515.2   626.2   807.2  2257.7  81395.8    81517
read      293.5   133.0    74.4   130.9   147.8   275.5   338.0   372.3   397.2   427.7   465.6   522.6   634.7   896.3  2669.6  78608.2    78694
read      352.0   182.7    74.4   143.4   165.5   320.1   394.2   438.5   470.7   510.0   565.2   666.7   970.7  1253.1  3714.6  93318.9    93409
read      286.1   121.4    74.4   135.9   151.8   284.5   334.6   359.2   375.5   395.7   421.4   460.1   537.5   680.1  3059.5  39070.3    39093
read      271.7    86.0    80.4   151.8   171.3   269.9   301.3   319.1   332.6   346.5   367.1   397.5   467.7   623.0  2286.9  18725.3    18729
read      289.3   156.8    74.4   128.1   143.9   269.5   333.7   367.6   392.2   421.3   458.1   511.6   635.0  1222.7  4656.5  70741.6    70818
read      276.3    94.8    80.4   148.2   167.0   275.5   310.1   329.2   342.3   358.5   377.5   408.8   476.9   608.4  2483.7  21909.4    21942
read      310.1   146.7    74.4   136.1   155.3   289.8   352.5   388.5   415.2   447.7   489.2   552.5   709.2  1020.4  3536.9  91713.1    91810
read      288.1   111.7    80.4   136.2   152.2   286.1   337.6   363.0   380.3   399.9   426.2   464.9   545.9   688.3  1997.3  39600.8    39588
read      289.0   111.6    74.4   137.1   153.0   286.0   339.0   364.8   382.5   402.0   428.8   467.6   545.6   691.5  2107.0  40944.5    40957
read      284.0   128.5    74.4   127.7   142.8   268.2   333.1   366.3   389.1   415.1   448.5   497.7   592.8   770.6  2708.0  62767.3    62645
read      268.0   131.6    80.4   154.7   174.9   263.1   291.9   308.8   320.7   336.5   355.8   386.6   460.8   974.5  6634.9  15540.7    15539
read      552.8   261.9    80.4   213.5   279.4   513.0   582.8   633.3   691.6   818.2   941.8  1048.1  1200.2  1428.0  7256.2 107586.2   107672
read      282.0   124.4    74.4   137.9   153.9   280.5   325.6   348.1   364.3   382.6   404.6   442.1   523.7   763.8  3173.2  32995.0    32954
read      293.0   143.4    74.4   129.8   145.5   277.9   341.1   373.0   395.7   422.9   458.7   513.2   638.0  1053.1  3503.1  58919.3    58866
read      267.9    90.8    80.4   141.2   158.8   268.6   300.9   318.4   332.0   346.4   366.7   397.1   469.5   618.0  2775.4  23884.0    23739
read      278.5   116.5    68.9   127.0   142.4   271.1   329.6   357.8   376.2   397.9   426.1   468.2   556.9   720.1  2310.2  54809.2    54701
read      278.3   125.8    68.9   125.7   141.3   266.9   328.4   358.2   378.2   400.9   430.9   476.3   573.0   735.5  2825.0  60739.0    60706
read      278.9   125.3    74.4   125.4   141.2   262.9   326.0   358.1   380.1   405.1   438.4   490.1   589.0   756.8  2358.7  72429.3    72350
read      279.1   122.8    74.4   125.8   141.4   268.3   330.3   360.3   380.5   402.9   432.7   477.6   568.8   724.5  1865.2  58799.8    58661
read      276.7   104.2    74.4   134.0   150.4   278.6   321.2   342.7   358.1   374.3   397.0   431.0   505.7   642.6  2055.4  34937.3    34912
read      387.3   207.7    74.4   153.3   180.1   351.3   432.9   479.6   513.3   555.3   620.2   766.5  1041.1  1275.9  3976.4 103156.7   103268
read      281.4   110.7    74.4   133.2   149.4   282.0   329.5   352.8   368.5   387.3   410.1   448.2   527.9   679.4  2803.6  38843.4    38703
read      283.6   126.9    74.4   127.9   144.2   266.4   327.4   360.6   384.2   411.8   448.3   501.9   608.4   780.5  2229.4  83319.7    83358
read      280.8   122.8    74.4   126.4   142.0   269.5   331.4   361.6   382.2   404.9   435.4   482.5   578.3   745.6  2374.8  57372.7    57408
read      287.1   127.8    74.4   129.9   147.0   270.7   330.4   363.2   386.8   415.0   451.7   504.8   614.3   802.8  2518.1  86846.1    86837
read      278.1   104.5    74.4   135.4   152.0   280.0   321.9   343.4   358.7   374.9   397.3   430.8   504.8   643.3  2335.9  33561.2    33517
read      277.9   124.1    74.4   125.0   140.6   263.1   326.9   358.9   380.6   404.5   436.3   484.4   578.7   735.7  2225.1  66186.9    66204
read      279.3   123.5    74.4   125.5   141.3   262.5   326.0   359.4   382.4   408.5   442.9   493.3   588.4   740.9  1997.0  73630.5    73758
read      339.6   164.5    74.4   145.1   167.9   314.8   380.8   420.4   450.4   486.5   534.8   619.3   849.2  1131.3  3708.2  99835.1    99742
read      581.9   231.6    86.8   332.8   374.9   513.6   591.0   698.3   787.2   858.1   922.4   996.9  1114.5  1351.2  7137.1 109510.5   109462
read      307.3   142.3    74.4   135.9   155.0   287.8   348.4   382.9   408.2   439.8   481.2   545.0   728.4  1042.5  2541.4  94444.7    94453

Total QPS = 55313.8 (99564864 / 1800.0s)

Total connections = 64
Misses = 0 (0.0%)
Skipped TXs = 0 (0.0%)

RX 24592521902 bytes :   13.0 MB/s
TX          0 bytes :    0.0 MB/s
Warning! Detected max cpu usage > 95%
CPU Usage Stats (avg/min/max): 100.00%,49.75%,100.00%
