Random waveform, supplied seed
Total number of intervals = 180 (6927, 52892, 98921, 61129, 40613, 53226, 38560, 103465, 104758, 94759, 37799, 8296, 69443, 12517, 43591, 20430, 93758, 10485, 16518, 83230, 5484, 55611, 20774, 96726, 32442, 73039, 74055, 51197, 59442, 35654, 78747, 42212, 52488, 36950, 16762, 79473, 61431, 87172, 108181, 80515, 37149, 13444, 72057, 70041, 90162, 52082, 24258, 72013, 58012, 45398, 50177, 34504, 66010, 73937, 55020, 53235, 97743, 5419, 14764, 7451, 48208, 16149, 78989, 18886, 75954, 44409, 16431, 85707, 58253, 103867, 21604, 90401, 84467, 99700, 32052, 18173, 67789, 51929, 83850, 18614, 29315, 108090, 27024, 49907, 9150, 34328, 51881, 14569, 81517, 78694, 93409, 39093, 18729, 70818, 21942, 91810, 39588, 40957, 62645, 15539, 107672, 32954, 58866, 23739, 54701, 60706, 72350, 58661, 34912, 103268, 38703, 83358, 57408, 86837, 33517, 66204, 73758, 99742, 109462, 94453, 44096, 100467, 8576, 59359, 7614, 60329, 43762, 67038, 26095, 71173, 109276, 13150, 61250, 84472, 82226, 27671, 98736, 106314, 105027, 96867, 89493, 50538, 22083, 48618, 94298, 63579, 64573, 77178, 29824, 64495, 20917, 85651, 61935, 50216, 72251, 71798, 19701, 24952, 81838, 26648, 24837, 29420, 103882, 70314, 61679, 49557, 19325, 9128, 94933, 24327, 71896, 93771, 20452, 42338, 72627, 80603, 49049, 92305, 56889, 78036)
Average QPS expected = 56542
Timestamp start: 1778011460580
Timestamp end: 1778013260908

#type       avg     std     min      p5     p10     p50     p67     p75     p80     p85     p90     p95     p99    p999   p9999      QPS   target
read      280.2   170.5   101.3   174.5   193.0   263.0   289.5   305.1   316.7   331.8   350.6   388.5   912.2  1490.1  6824.7   6889.7     6927
read      340.0   234.2    80.4   137.4   153.1   292.6   365.4   413.3   452.8   499.7   564.2   673.7  1103.7  2681.0  6171.3  52871.7    52892
read      360.5   412.1    86.8   144.7   161.7   277.4   339.4   376.2   406.2   450.5   521.9   719.8  2428.1  4538.6  8097.6  98729.8    98921
read      275.9   136.0    86.8   136.7   150.7   258.2   310.6   337.6   356.8   379.2   410.5   470.2   646.6  1364.0  4252.5  61225.1    61129
read      283.3   134.7    86.8   140.1   155.7   271.9   316.3   339.6   356.9   377.2   406.7   465.2   631.5  1507.0  3848.5  40615.9    40613
read      298.9   169.5    86.8   131.9   145.9   271.9   332.3   367.6   395.2   430.7   477.8   552.3   786.3  1684.8  3595.0  53266.7    53226
read      300.5   155.7    86.8   139.5   155.4   281.0   332.1   360.6   381.8   407.9   448.2   515.7   787.7  1752.6  3113.6  38447.5    38560
read      368.7   401.3    74.4   144.9   162.4   282.8   346.8   387.7   421.8   469.6   549.9   784.0  2217.4  4338.1  8013.4 103591.8   103465
read      348.7   330.6    86.8   146.5   163.4   280.5   344.0   383.7   415.9   460.4   530.5   693.4  1805.0  3641.1  7855.5 104815.8   104758
read      293.3   198.6    86.8   137.8   151.8   252.8   309.8   342.0   366.7   397.7   446.9   559.0  1025.4  2301.4  4953.5  94794.2    94759
read      276.2   116.5    86.8   142.1   157.8   270.9   312.3   333.5   347.6   366.4   391.1   433.4   548.5  1006.7  3799.9  37703.0    37799
read      269.4   115.8    93.8   174.4   191.8   258.7   284.2   298.1   310.1   322.7   341.6   372.7   514.2  1352.4  4881.0   8305.6     8296
read      543.5   841.1    86.8   141.7   159.3   294.4   362.6   408.0   454.2   538.8  1119.5  2631.3  4220.1  7727.9  9279.9  69540.8    69443
read      271.0   107.0   101.3   170.7   190.7   263.7   289.6   304.4   315.3   328.9   345.9   376.2   470.5  1296.4  3028.9  12547.5    12517
read      310.0   176.7    86.8   138.3   153.8   284.5   342.4   376.2   401.7   435.0   481.5   556.1   816.4  1897.9  4738.2  43589.9    43591
read      296.6   131.6    93.8   154.1   176.0   282.7   321.6   344.0   361.3   381.9   411.1   465.1   669.4  1443.1  3702.3  20484.6    20430
read      622.6   847.7    86.8   173.4   203.1   371.1   468.0   535.5   597.2   715.7  1232.7  2573.9  4285.2  7844.6  9479.1  93782.2    93758
read      265.9   105.3   101.3   173.9   192.3   259.3   283.4   296.2   307.3   318.9   336.6   364.4   442.3  1267.8  3814.1  10561.2    10485
read      296.6   125.7   101.3   164.4   187.5   283.1   318.3   338.6   353.5   371.4   397.4   446.5   680.0  1586.0  3267.0  16460.5    16518
read      585.6   856.5    86.8   154.8   177.4   322.2   401.0   459.5   514.0   612.3  1348.1  2713.6  4204.3  7775.0  9107.9  83161.1    83230
read      253.5   122.3    93.8   173.8   188.5   244.3   266.0   277.6   287.7   298.0   315.5   341.8   425.2  1354.3  6228.3   5486.4     5484
read      316.8   198.2    86.8   136.5   151.1   279.8   344.0   384.6   416.9   459.4   514.9   610.5   953.0  1968.0  4619.0  55546.2    55611
read      299.7   159.2    86.8   155.6   177.2   283.9   322.9   345.1   362.8   383.9   413.2   469.2   678.1  1877.8  7056.6  20732.7    20774
read      593.5   813.9    86.8   170.4   197.8   353.4   439.5   499.8   554.5   655.2  1158.6  2522.3  4089.1  7794.3  9773.7  96762.1    96726
read      280.4   123.2    86.8   147.5   164.2   274.2   312.2   332.5   346.2   364.7   388.4   429.4   558.4  1370.3  3421.5  32554.8    32442
read      348.5   288.9    86.8   137.5   152.4   276.2   348.3   400.3   448.1   509.3   594.2   770.8  1556.5  2896.8  7388.7  73045.8    73039
read      308.1   232.5    86.8   137.8   151.6   261.4   321.3   355.8   382.7   419.9   483.9   614.1  1175.6  2764.5  6263.4  74130.6    74055
read      275.1   135.5    86.8   136.5   150.3   262.6   311.6   336.5   353.9   374.0   401.9   456.6   613.5  1381.8  5185.7  51334.4    51197
read      318.1   212.5    86.8   134.2   148.7   275.6   340.6   381.5   415.3   460.5   520.7   630.3  1067.5  2228.0  5341.0  59351.5    59442
read      309.5   162.2    86.8   143.8   160.9   289.6   342.7   372.6   395.4   423.9   463.3   529.0   755.2  1843.9  4247.9  35587.7    35654
read      424.4   618.3    86.8   138.8   154.4   279.0   343.7   384.7   420.1   472.5   574.7  1324.5  3443.4  6591.7  8108.6  78928.2    78747
read      275.1   112.1    86.8   140.2   155.0   268.4   312.6   335.0   350.4   369.1   394.2   435.9   558.1  1064.0  2936.1  42299.5    42212
read      305.0   208.2    86.8   136.7   151.1   275.4   334.4   368.1   394.4   428.4   475.5   552.6   830.0  2510.1  7521.3  52645.1    52488
read      304.5   137.4    80.4   145.4   162.8   291.0   341.1   368.7   389.6   415.2   451.8   508.5   668.7  1488.2  2846.6  36931.7    36950
read      317.8   149.7    93.8   168.2   194.4   306.0   344.9   366.9   382.9   401.5   430.4   484.7   678.6  1443.3  5571.8  16780.2    16762
read      613.4   885.2    86.8   155.1   179.5   340.6   434.3   507.5   580.3   721.2  1437.9  2577.5  4589.7  7854.7  9859.3  79588.4    79473
read      272.9   134.4    86.8   136.9   150.1   254.8   307.7   334.4   352.9   374.2   403.7   462.8   656.9  1305.0  3360.9  61520.4    61431
read      296.7   201.9    86.8   139.8   154.1   257.0   313.3   344.9   368.9   399.0   447.6   562.8  1041.3  2323.7  5530.5  87172.2    87172
read      343.5   307.4    86.8   147.2   164.3   279.3   341.7   380.8   412.8   457.6   527.5   680.9  1685.3  3454.1  7738.5 108377.1   108181
read      277.0   156.8    80.4   135.0   148.4   246.3   302.4   332.8   354.5   381.2   420.3   503.9   802.4  1807.8  3529.3  80655.0    80515
read      284.8   129.8    86.8   143.5   159.4   274.6   317.1   339.8   356.8   376.7   404.6   463.9   616.6  1374.7  3212.5  37164.3    37149
read      300.5   139.3    93.8   174.1   196.0   285.7   320.3   340.3   355.4   373.4   400.6   453.9   657.7  1430.8  5050.9  13411.4    13444
read      575.1   893.9    86.8   148.2   167.8   308.8   382.7   437.1   492.3   587.1  1259.5  2655.4  4613.6  7818.2  9318.2  71959.1    72057
read      274.3   149.0    86.8   134.7   148.1   249.5   304.6   333.3   353.4   377.2   410.3   478.8   734.0  1697.5  3145.8  70050.4    70041
read      298.4   215.3    86.8   139.3   153.7   256.4   312.7   344.1   368.3   398.9   448.8   565.0  1112.5  2473.7  5540.3  89981.5    90162
read      278.2   126.3    86.8   138.0   151.9   264.4   313.8   338.9   357.2   378.6   407.8   467.6   639.1  1297.4  2736.2  52190.3    52082
read      314.7   178.1    93.8   156.0   176.9   289.0   332.4   357.4   376.2   402.2   444.0   532.1   959.6  2012.1  3764.9  24275.1    24258
read      398.7   549.2    86.8   138.7   153.9   274.8   336.3   372.8   404.0   456.7   556.1  1023.3  3090.1  5971.8  8082.8  72126.7    72013
read      274.3   133.9    86.8   136.1   149.6   257.5   309.2   335.2   353.3   374.2   403.4   463.5   662.2  1435.8  2978.2  58048.1    58012
read      305.0   179.9    86.8   141.6   157.3   279.9   331.5   360.6   383.0   412.5   459.6   544.8   860.8  2046.5  4618.6  45244.9    45398
read      347.0   244.1    93.8   143.9   161.3   296.2   361.6   403.3   440.6   490.1   562.3   694.3  1271.9  2750.2  4967.5  50229.4    50177
read      309.1   150.8    93.8   146.1   164.0   289.7   340.1   368.9   390.9   419.0   460.8   534.5   749.4  1620.4  3385.1  34495.3    34504
read      429.1   547.7    80.4   141.1   157.6   293.5   369.5   425.7   475.8   543.2   658.2  1210.0  3009.2  6198.8  8084.7  65915.1    66010
read      334.1   283.6    80.4   140.5   155.5   272.0   335.9   374.7   408.5   460.8   545.1   711.2  1442.4  3292.7  7703.2  73939.4    73937
read      275.3   131.9    86.8   136.6   150.2   259.6   310.9   336.6   354.7   375.7   404.9   465.1   639.0  1458.7  3452.0  55048.7    55020
read      303.8   179.5    86.8   137.1   151.6   275.8   334.8   369.1   396.1   431.5   480.9   558.3   812.5  1858.3  4687.7  53349.4    53235
read      377.6   416.1    86.8   142.8   159.7   278.7   342.2   383.5   419.3   473.2   578.8   972.0  2233.9  4172.4  8030.7  97550.1    97743
read      255.5   120.3   109.4   173.6   188.8   244.7   266.5   278.8   289.0   300.5   317.7   345.0   448.9  1494.6  4055.7   5422.7     5419
read      291.8   148.2    93.8   162.9   185.9   276.5   311.8   332.0   345.9   365.5   391.2   435.4   667.6  1665.1  3728.4  14745.2    14764
read      276.9   160.8    86.8   171.4   190.1   261.5   288.6   304.3   315.9   330.8   349.4   390.1   667.5  1610.2  7491.6   7479.8     7451
read      330.9   201.6    86.8   138.6   154.4   293.7   362.4   404.6   440.5   483.9   540.3   630.2   949.6  2124.2  4781.3  48222.2    48208
read      297.5   162.0    93.8   167.9   189.7   282.9   316.8   336.3   350.0   368.2   393.7   441.6   628.6  1945.6  7232.9  16174.0    16149
read      590.8   863.4    86.8   149.1   169.8   316.2   396.2   460.8   524.5   641.4  1489.9  2687.5  4272.4  7765.4  8537.7  78921.1    78989
read      284.5   116.1    93.8   165.0   185.9   276.0   307.6   324.7   337.6   352.7   373.1   409.8   538.2  1504.4  3017.3  18795.1    18886
read      316.3   273.6    80.4   138.5   152.6   261.7   322.0   357.4   385.3   424.7   493.9   641.8  1315.8  3426.9  7618.2  75941.7    75954
read      285.8   135.3    93.8   144.6   160.3   273.9   320.1   343.4   360.7   380.6   407.6   464.1   631.4  1661.8  3831.9  44333.8    44409
read      310.8   764.1    86.8   167.2   190.0   285.2   321.6   343.0   360.0   380.4   409.8   466.4   711.8  1646.6 48628.2  16341.3    16431
read      608.8   855.7    86.8   158.7   184.8   344.7   439.5   510.9   576.5   685.6  1346.7  2653.2  4252.9  7805.1  9031.4  85802.0    85707
read      275.9   139.0    86.8   135.8   149.2   256.6   309.8   336.9   356.1   378.6   410.2   473.6   682.6  1546.2  2749.9  58271.8    58253
read      366.9   396.7    86.8   144.6   161.7   281.0   344.4   385.0   418.6   466.4   547.6   765.4  2222.0  4050.1  7967.4 103965.4   103867
read      277.1   100.0    93.8   159.4   179.1   271.9   303.2   319.9   333.2   346.9   368.2   401.4   501.4  1118.4  3137.0  21590.6    21604
read      356.7   363.7    86.8   142.1   158.2   272.1   335.2   374.8   410.1   464.2   564.5   833.3  1923.9  3855.6  7921.3  90470.8    90401
read      293.8   197.5    86.8   139.9   154.3   255.7   310.6   341.5   365.1   395.1   443.3   553.4   995.5  2235.4  5863.7  84413.0    84467
read      325.9   267.0    86.8   145.3   162.2   271.2   328.5   362.9   390.3   428.0   490.4   641.0  1451.3  2961.4  7389.7  99703.3    99700
read      273.5   109.4    86.8   146.8   163.8   267.7   304.1   323.3   337.7   354.6   376.9   418.4   534.7   955.4  3126.8  31960.8    32052
read      295.1   128.7    93.8   161.2   182.4   280.8   319.2   340.9   357.6   377.5   406.8   462.8   621.9  1425.8  4025.8  18215.1    18173
read      569.4   877.0    86.8   142.4   160.5   300.8   372.3   429.0   487.4   588.7  1357.6  2707.3  4322.8  7807.8  9416.9  67687.5    67789
read      282.7   154.1    86.8   135.5   149.2   261.2   312.2   339.1   359.5   385.2   424.4   501.9   745.3  1797.6  3930.6  51881.8    51929
read      328.3   311.2    86.8   137.1   151.6   260.7   321.9   359.8   390.4   435.0   520.4   718.1  1586.0  3610.8  7735.8  83894.6    83850
read      278.3   112.0    93.8   160.7   181.2   270.2   300.8   318.0   331.7   346.4   368.8   403.7   533.3  1306.4  3919.0  18565.4    18614
read      330.7   174.9    93.8   151.7   171.4   305.2   362.6   395.8   422.1   455.0   497.2   568.5   894.0  1928.5  3761.3  29248.1    29315
read      507.3   608.5    86.8   166.1   193.7   353.2   442.9   501.8   548.9   618.2   753.6  1574.3  3393.9  7024.7  8247.0 108032.0   108090
read      281.2   109.6    86.8   154.6   173.1   276.6   312.0   330.9   343.8   360.7   381.6   419.2   525.0  1042.4  3174.6  26961.2    27024
read      319.2   203.3    86.8   139.2   154.4   283.6   346.2   386.0   417.0   457.2   508.2   599.5   937.4  2093.6  6331.8  49838.6    49907
read      280.4   114.9   109.4   178.3   196.9   268.2   295.7   312.5   324.2   339.4   360.5   398.1   565.7  1417.3  4052.9   9186.3     9150
read      371.1   228.9    86.8   151.1   173.3   337.2   415.4   461.1   492.9   530.6   578.8   653.9  1017.0  2441.2  6780.0  34298.2    34328
read      351.5   284.4    86.8   140.3   156.1   291.1   361.4   407.3   447.8   497.6   568.8   722.6  1503.0  3059.7  7562.2  51975.6    51881
read      297.5   127.3   101.3   171.1   193.3   284.3   319.1   339.3   354.1   371.9   398.2   447.2   620.1  1422.1  3950.5  14605.8    14569
read      588.2   852.1    86.8   151.4   173.3   320.9   402.0   466.8   530.1   640.2  1451.6  2629.2  4150.7  7789.0  8932.6  81500.7    81517
read      275.3   164.2    86.8   133.6   146.8   244.0   300.4   331.0   352.7   378.9   416.8   496.9   809.2  1953.0  3683.1  78536.2    78694
read      299.4   242.7    86.8   138.2   152.0   251.0   308.6   341.1   365.8   397.0   446.5   564.6  1281.7  2885.2  7413.9  93355.5    93409
read      274.8   119.3    86.8   144.3   159.0   269.1   310.2   330.7   344.3   362.2   384.9   426.2   559.1  1128.1  3250.6  39000.8    39093
read      298.1   124.9    93.8   164.5   184.5   284.6   322.0   343.2   359.8   379.3   406.8   461.3   637.9  1529.5  3034.7  18649.3    18729
read      545.9   853.1    86.8   141.6   158.5   291.0   359.0   405.4   455.1   543.3  1236.1  2620.2  4251.7  7768.4  8965.5  70779.4    70818
read      277.4   124.6    93.8   159.2   177.3   270.3   300.8   317.1   329.6   343.6   364.1   398.8   536.3  1562.2  3868.5  22041.3    21942
read      341.8   339.0    86.8   139.9   154.9   263.8   325.6   363.6   394.9   442.1   536.3   792.5  1799.4  3760.8  7785.3  91722.8    91810
read      277.9   109.6    93.8   148.1   163.3   272.3   314.2   335.2   349.4   367.2   390.7   430.8   549.0  1026.8  2790.3  39652.4    39588
read      311.4   179.9    86.8   145.1   161.0   284.3   339.4   370.9   395.4   427.4   470.7   547.5   872.3  2145.4  4402.3  40901.5    40957
read      329.3   250.3    86.8   138.4   152.3   273.9   341.1   385.5   423.8   473.6   540.8   670.1  1315.2  2712.0  7304.6  62543.8    62645
read      286.3   135.1   101.3   166.0   186.9   272.1   303.6   320.6   334.7   350.5   374.0   422.0   680.1  1591.2  4526.6  15530.2    15539
read      613.6   761.9    93.8   200.4   231.1   398.3   490.7   552.3   610.9   710.0  1006.7  2227.2  3909.4  7698.4  9816.2 107757.2   107672
read      294.2   182.8    86.8   149.8   166.3   274.9   313.0   333.8   348.4   368.8   399.3   478.2   865.9  2152.2  7397.8  32992.1    32954
read      309.4   169.7    86.8   139.8   154.5   278.2   338.3   373.5   401.8   440.8   495.7   588.2   871.0  1716.7  3273.6  58953.0    58866
read      283.9   107.7    86.8   150.8   169.6   276.1   312.4   332.3   346.0   365.0   390.5   435.2   575.3  1222.7  2651.3  23751.1    23739
read      350.7   195.1    86.8   139.9   158.2   313.6   397.8   447.8   482.4   522.2   573.4   654.8   974.3  1826.9  3237.5  54712.4    54701
read      300.1   166.3    86.8   136.4   150.8   269.9   329.3   364.0   391.4   427.8   479.6   567.5   830.3  1713.1  3298.8  60620.3    60706
read      299.5   189.4    86.8   132.8   146.7   258.7   321.3   360.9   393.4   437.5   497.1   590.9   918.9  1952.4  4046.5  72247.8    72350
read      280.4   131.3    86.8   131.4   145.0   259.5   315.8   347.0   372.0   402.3   445.4   508.2   661.8  1144.3  1966.4  58666.6    58661
read      285.4   133.8    86.8   139.8   155.7   275.5   319.7   343.7   362.2   384.3   415.1   467.7   595.3  1205.7  4236.3  34954.8    34912
read      443.9   561.1    80.4   149.5   169.5   304.9   376.9   426.6   468.0   528.3   641.6  1439.2  3110.1  6078.5  8114.1 103329.9   103268
read      265.3   101.0    86.8   140.8   155.4   261.9   299.7   318.7   332.7   347.5   369.7   405.7   512.9   871.2  3403.5  38675.0    38703
read      312.6   209.1    80.4   135.3   149.8   258.8   323.1   366.9   406.1   466.0   543.7   668.5  1057.1  1978.0  3840.2  83438.8    83358
read      265.0   123.1    86.8   134.0   147.2   251.8   302.3   327.3   344.2   364.8   391.6   438.2   583.7   933.6  3318.7  57315.6    57408
read      293.5   204.7    86.8   134.0   148.0   247.4   306.3   340.2   366.9   402.1   465.7   600.8  1032.0  2304.6  4289.1  86960.5    86837
read      267.1    96.1    86.8   143.2   158.7   264.9   301.4   319.8   333.4   347.5   368.8   401.3   494.0  1034.4  2114.8  33606.4    33517
read      292.5   166.1    86.8   133.2   146.9   261.2   321.8   357.4   385.7   423.0   473.8   556.0   795.7  1552.4  3700.2  66247.0    66204
read      301.2   196.9    80.4   133.3   146.9   257.1   321.2   360.9   393.9   439.5   501.8   603.0   975.6  2056.6  3836.4  73699.6    73758
read      299.9   248.9    86.8   135.8   149.8   246.3   302.0   334.2   358.9   391.1   443.3   600.2  1385.6  2829.1  6055.9  99619.7    99742
read      315.1   256.1    86.8   141.0   156.7   262.2   320.2   355.1   382.2   419.2   477.3   611.0  1418.7  2856.5  7094.8 109212.1   109462
read      278.9   174.8    86.8   133.9   147.7   241.7   296.7   328.0   350.7   379.2   422.0   519.5   956.0  1912.0  3593.2  94499.1    94453
read      264.8   109.8    86.8   138.1   151.8   260.0   302.5   323.1   337.7   354.5   375.4   414.0   518.2   876.9  3231.3  44026.4    44096
read      350.9   341.8    86.8   141.5   157.8   269.6   331.1   369.8   402.4   455.2   556.2   858.2  1791.6  3435.0  7983.9 100407.6   100467
read      243.2    90.7   101.3   165.9   181.8   237.1   256.8   268.4   275.9   287.5   300.7   323.1   392.5  1178.7  3333.4   8608.6     8576
read      289.9   158.4    80.4   133.3   147.0   264.2   322.3   355.5   380.6   413.0   459.3   533.7   751.4  1674.5  4091.4  59391.3    59359
read      251.6   101.0   101.3   168.4   185.5   243.6   265.4   276.7   286.7   296.7   313.1   339.1   445.2  1202.1  4227.2   7567.4     7614
read      321.7   192.1    80.4   136.7   151.7   282.3   350.2   393.6   429.2   473.8   534.2   630.1   964.7  1860.6  3766.6  60132.2    60329
read      301.4   147.3    86.8   139.1   154.2   281.5   336.3   367.7   392.1   423.7   467.4   539.9   706.7  1520.7  3451.3  43592.3    43762
read      383.7   479.7    86.8   138.7   154.1   277.3   342.7   386.0   424.0   477.8   563.8   852.5  2738.5  5243.7  8070.4  67097.0    67038
read      295.6   120.3    93.8   159.0   177.2   287.4   326.3   346.3   362.4   380.7   405.1   455.1   595.0  1259.9  3086.3  26092.1    26095
read      402.8   566.9    86.8   135.4   150.1   276.9   344.4   389.0   427.3   478.5   557.7   942.0  3139.9  6491.1  8513.3  71294.3    71173
read      343.0   350.3    86.8   143.2   159.6   271.0   331.8   368.4   397.7   437.7   503.6   676.5  1869.7  3811.6  7767.9 109357.1   109276
read      259.8   131.5    93.8   165.3   184.3   254.0   277.0   290.5   299.7   312.2   327.4   352.4   426.2  1227.9  7687.3  13244.1    13150
read      287.3   154.3    86.8   133.3   146.4   260.9   319.9   353.3   378.8   411.2   458.0   530.4   738.2  1537.3  2671.7  61100.3    61250
read      305.8   227.3    80.4   135.4   149.5   254.3   315.4   351.4   381.1   423.8   498.4   641.1  1148.3  2504.5  6573.8  84601.2    84472
read      270.9   149.9    80.4   132.3   145.3   241.2   298.2   328.5   349.4   374.8   411.1   491.4   774.0  1529.5  3122.9  82106.3    82226
read      273.2   100.9    93.8   150.3   167.0   269.6   303.2   320.2   333.4   346.8   367.9   401.5   519.6  1166.1  2968.0  27670.1    27671
read      402.6   469.6    86.8   142.7   159.9   288.5   358.5   403.0   444.7   505.8   622.9  1204.2  2579.3  4777.6  8135.9  98658.2    98736
read      269.8   148.1    86.8   136.5   150.1   239.8   293.7   323.6   345.1   370.7   404.4   472.9   761.5  1694.9  2951.6 106423.7   106314
read      272.3   147.9    86.8   137.3   150.9   242.7   296.1   326.3   347.7   373.6   409.2   480.8   771.6  1679.7  3056.9 105163.0   105027
read      260.7   131.6    80.4   133.4   146.4   234.1   288.3   318.0   339.1   363.6   395.1   454.5   666.5  1233.5  3218.1  96824.6    96867
read      257.5   127.7    86.8   131.5   143.9   231.5   286.7   316.5   337.1   360.7   390.7   442.5   650.1  1301.8  2713.6  89441.4    89493
read      263.9   103.4    80.4   136.4   150.0   257.8   304.2   326.1   340.7   357.9   378.6   414.5   529.8   928.2  2389.6  50612.8    50538
read      263.8    97.9    93.8   156.8   174.7   263.7   291.0   305.6   315.6   327.8   342.7   367.7   429.5   716.1  2554.9  22114.4    22083
read      265.4   104.3    86.8   137.7   151.2   259.7   305.3   326.7   341.1   358.2   379.0   415.1   538.9   964.4  1937.2  48566.6    48618
read      263.6   143.1    86.8   132.8   145.7   234.6   289.4   319.2   340.3   365.1   397.3   460.5   732.7  1657.5  2776.6  94194.1    94298
read      257.8   124.0    86.8   131.6   144.2   242.8   297.0   322.6   339.6   358.9   382.5   422.0   545.1   947.3  4350.7  63575.5    63579
read      261.0   115.9    80.4   132.8   145.8   245.6   299.8   325.9   343.0   363.1   388.1   430.1   566.8  1023.9  2724.2  64585.5    64573
read      254.4   116.8    86.8   129.8   142.0   232.4   289.1   317.9   337.4   359.4   386.7   431.8   582.4  1078.6  2498.2  77113.7    77178
read      266.7    89.6    93.8   149.8   165.4   267.1   299.8   316.0   327.5   340.4   357.8   385.1   459.6   770.1  2654.7  29833.6    29824
read      259.6   117.5    86.8   131.9   144.7   243.1   298.4   324.9   342.3   362.5   387.6   428.5   556.4  1135.9  2782.4  64537.9    64495
read      268.1    88.9    93.8   162.0   179.9   268.4   295.4   310.1   319.4   332.0   345.2   369.1   427.4   679.2  2265.2  20884.1    20917
read      261.9   136.7    86.8   132.2   144.9   235.8   291.1   320.5   341.0   364.9   395.6   452.9   663.5  1615.4  3304.4  85617.7    85651
read      260.3   109.8    86.8   132.8   145.8   246.3   299.7   325.4   342.4   362.6   387.8   429.3   547.4   865.1  2445.5  61898.8    61935
read      264.6   100.2    86.8   137.0   150.7   257.9   305.1   327.8   342.8   360.4   381.8   418.5   525.5   859.6  1934.0  50307.7    50216
read      261.4   130.5    86.8   131.5   144.3   240.8   296.0   323.6   342.2   364.1   392.0   441.5   620.9  1215.6  3267.1  72297.6    72251
read      256.3   112.9    80.4   130.3   142.7   236.8   292.4   320.2   339.1   360.7   388.0   433.1   577.8   960.9  2235.0  71798.0    71798
read      269.9   104.5   101.3   163.5   182.2   269.0   295.5   310.1   319.4   332.1   345.7   370.9   435.7   899.4  2358.9  19723.7    19701
read      269.4    84.1    86.8   156.1   173.7   269.1   298.7   314.3   325.1   338.2   354.8   381.4   461.4   805.7  2564.2  25016.4    24952
read      261.1   137.0    86.8   132.5   145.6   235.6   291.3   320.6   340.6   363.8   393.2   445.5   656.1  1366.3  3137.8  81911.7    81838
read      271.1    90.2    93.8   156.5   173.6   271.1   302.3   317.8   329.2   341.4   358.5   384.5   454.4   825.5  3026.0  26583.6    26648
read      268.5    82.6    93.8   155.6   173.1   269.1   298.9   314.5   325.2   338.1   353.9   379.0   447.5   631.7  2006.5  24810.4    24837
read      269.4    88.0    86.8   151.1   167.3   269.3   302.3   318.6   330.7   343.4   362.1   391.1   470.6   783.3  2289.5  29429.2    29420
read      267.9   168.0    80.4   133.8   147.0   235.2   289.2   319.1   340.5   366.0   399.7   465.9   803.6  2065.1  3745.0 103814.3   103882
read      257.6   115.2    86.8   131.2   143.8   238.9   294.8   322.2   340.9   362.2   388.7   432.4   567.6   970.0  2234.1  70266.8    70314
read      260.5   110.9    86.8   133.0   146.0   246.8   300.2   325.8   342.5   362.1   386.4   426.8   548.8   905.3  2761.0  61590.3    61679
read      264.5   104.1    86.8   137.0   150.6   258.5   305.2   327.0   341.3   358.5   379.3   415.4   526.0   907.4  2518.8  49483.1    49557
read      266.1    92.5    93.8   162.1   180.3   264.7   291.0   305.2   315.1   326.9   342.1   367.1   435.5   851.8  3297.0  19248.1    19325
read      251.3    89.9    93.8   169.4   187.1   246.6   267.3   278.2   287.3   296.5   311.5   333.9   398.0  1194.6  3813.3   9138.2     9128
read      265.8   158.2    86.8   132.9   145.9   234.9   290.0   319.9   341.2   366.2   398.5   461.9   764.1  1958.9  3583.3  94698.3    94933
read      270.4   104.5    93.8   155.7   173.4   268.8   298.5   314.1   324.9   338.1   354.6   381.5   462.9  1078.8  4653.8  24270.9    24327
read      263.6   128.9    80.4   132.3   145.2   241.8   297.9   326.1   345.0   367.3   395.6   447.2   632.0  1414.4  3049.8  72095.2    71896
read      271.3   162.1    80.4   134.7   148.3   241.1   295.5   325.1   345.8   371.2   404.3   476.1   792.7  1833.5  3764.9  93637.2    93771
read      267.7   108.3    93.8   160.4   179.1   266.0   292.9   307.7   317.6   330.5   345.2   372.0   448.1   756.2  3024.6  20467.5    20452
read      268.8   119.7    86.8   141.0   155.6   265.4   307.5   327.7   341.3   357.7   377.1   411.3   511.5   917.2  2472.8  42404.7    42338
read      262.5   124.4    86.8   131.9   144.7   241.2   297.2   325.1   343.9   366.0   394.2   445.1   634.8  1288.1  2487.8  72438.1    72627
read      263.5   135.8    86.8   132.5   145.4   238.8   294.6   323.8   343.8   367.2   397.2   454.4   658.0  1411.9  3725.5  80637.5    80603
read      265.2   112.6    86.8   137.7   151.1   258.7   304.6   326.2   340.6   357.6   378.2   414.6   535.0   996.2  2975.1  48985.3    49049
read      270.7   151.3    86.8   134.9   148.4   241.4   296.7   326.6   347.3   372.1   404.1   470.6   770.3  1840.0  3396.7  92099.9    92305
read      260.8   109.2    86.8   133.5   146.7   251.1   301.5   325.3   340.9   359.3   381.8   419.7   531.3   855.9  2850.9  57038.0    56889
read      261.4   130.5    80.4   131.4   144.3   239.6   293.4   321.1   340.6   363.6   393.6   448.1   628.7  1338.8  2744.3  77959.9    78036

Total QPS = 56537.2 (101766968 / 1800.0s)

Total connections = 64
Misses = 0 (0.0%)
Skipped TXs = 0 (0.0%)

RX 25136441590 bytes :   13.3 MB/s
TX          0 bytes :    0.0 MB/s
Warning! Detected max cpu usage > 95%
CPU Usage Stats (avg/min/max): 100.00%,50.00%,100.00%
