#type       avg     std     min      p5     p10     p50     p67     p75     p80     p85     p90     p95     p99    p999   p9999      QPS   target       ts_start         ts_end
read      248.1    98.9    93.8   158.6   172.0   236.0   266.1   283.3   295.7   311.7   332.4   367.4   455.9   935.4  3717.9  30054.1    30000  1778297907831  1778297918040
read      255.6    95.8    93.8   160.9   175.1   244.8   275.6   293.8   307.2   321.8   343.5   379.5   461.8   780.6  3709.5  29866.6    30005  1778297919555  1778297929683
read      250.2    96.6    93.8   158.2   172.4   239.1   269.6   287.2   299.6   315.5   336.9   370.6   453.1   809.3  3694.2  30085.6    30010  1778297931195  1778297941300
read      251.4    87.6    86.8   157.3   171.8   240.7   271.6   289.6   302.6   318.2   340.6   376.1   458.3   685.3  2594.5  30161.8    30015  1778297942813  1778297952922
read      250.5    84.8    93.8   155.8   170.5   239.8   271.0   289.0   302.1   317.7   339.8   374.3   457.8   647.1  2954.7  30029.0    30020  1778297954434  1778297964539
read      249.2    87.9    93.8   158.2   172.1   238.7   269.1   286.4   298.4   314.4   335.4   369.2   447.4   692.5  3083.3  29973.4    30025  1778297966051  1778297976155
read      254.1    88.6    86.8   160.9   175.3   243.5   273.6   291.7   304.9   319.8   341.7   377.5   462.7   639.8  3045.3  30023.5    30030  1778297977668  1778297987772
read      247.8    93.5    86.8   153.9   168.6   236.9   268.0   285.6   298.1   314.2   335.4   369.5   448.8   685.1  3431.9  30048.8    30035  1778297989286  1778297999390
read      260.3   102.0    86.8   162.5   177.3   249.1   281.0   299.1   313.1   329.8   352.2   390.5   471.3   784.9  4193.4  30017.4    30040  1778298000902  1778298011003
read      251.1    94.1    86.8   156.6   171.3   240.1   271.1   289.2   302.3   317.9   339.8   374.7   461.0   660.5  3828.8  30024.8    30045  1778298012515  1778298022617
read      245.5   104.7    93.8   153.3   167.4   233.9   264.5   281.7   294.5   310.7   331.7   367.0   451.6   834.3  3979.8  30131.7    30050  1778298024130  1778298034232
read      253.4    99.7    93.8   156.5   171.3   242.1   273.3   291.7   305.3   320.7   343.3   380.7   465.7   722.6  4123.4  30091.7    30055  1778298035746  1778298045854
read      249.2    97.2    93.8   155.0   169.6   237.6   268.9   286.9   299.8   316.1   338.2   373.8   462.6   663.8  3861.2  30092.8    30060  1778298047366  1778298057473
read      251.1    97.2    93.8   156.3   171.0   239.8   270.8   289.0   302.3   318.2   340.5   376.3   461.0   680.3  3848.6  30176.4    30065  1778298058986  1778298069090
read      257.1    94.9    93.8   160.0   175.0   246.2   277.2   295.3   309.3   325.1   346.8   386.3   469.5   706.7  3443.2  30103.6    30070  1778298070603  1778298080708
read      257.2   102.7    93.8   157.9   173.7   245.1   277.2   295.8   310.3   327.0   349.7   390.0   475.2   821.3  3966.4  30138.9    30075  1778298082222  1778298092331
read      248.5    91.6    93.8   155.2   169.4   237.4   268.3   286.1   298.6   315.1   337.1   372.3   456.4   668.2  3157.6  30048.4    30080  1778298093848  1778298103954
read      255.2   100.7    93.8   157.8   172.7   244.1   275.1   293.6   307.3   322.7   345.1   383.2   468.0   848.8  4231.7  30102.0    30085  1778298105467  1778298115572
read      250.3    99.0    93.8   156.2   170.4   238.1   268.7   286.4   299.0   315.3   337.2   373.4   467.1  1211.7  3857.6  30128.8    30090  1778298117088  1778298127193
read      252.7    99.4    93.8   156.2   170.8   241.3   272.4   290.7   304.1   319.8   343.2   381.8   469.4   741.3  4189.2  30027.2    30095  1778298128707  1778298138816
read      259.8   112.7    93.8   158.6   173.8   246.6   279.7   298.5   313.3   331.1   355.3   396.3   490.6  1126.5  4278.9  30089.6    30100  1778298140329  1778298150442
read      274.1   117.4    86.8   159.4   175.6   257.5   294.2   316.0   333.4   355.3   387.4   440.1   573.5  1070.3  4253.3  30057.7    30105  1778298151955  1778298162061
read      253.2    96.3    93.8   154.7   169.4   241.1   273.1   291.8   305.8   321.8   345.3   386.4   480.6   823.9  3675.6  30041.4    30110  1778298163575  1778298173689
read      257.2    95.6    86.8   157.8   173.2   245.7   278.0   296.4   310.9   327.6   350.3   389.6   478.0   796.8  3854.2  30162.9    30115  1778298175203  1778298185311
read      252.1    99.2    86.8   157.8   172.3   240.3   271.2   289.2   302.2   317.9   339.8   374.6   464.1  1037.5  3264.3  30130.4    30120  1778298186824  1778298196926
read      254.7   110.7    93.8   157.4   172.3   242.8   274.1   292.4   306.0   321.2   344.0   382.0   469.8  1047.4  4441.2  30127.6    30125  1778298198439  1778298208552
read      251.9    86.6    86.8   156.1   170.9   240.8   272.1   290.4   303.7   319.3   342.2   380.0   466.0   641.2  2695.8  30032.0    30130  1778298210065  1778298220166
read      253.4    95.2    93.8   156.8   171.9   242.5   273.8   291.9   305.4   320.6   342.8   379.5   464.2   752.9  3400.7  30180.8    30135  1778298221679  1778298231782
read      260.1   103.5    86.8   159.3   174.5   248.4   280.8   299.2   313.6   331.1   354.7   393.9   481.5  1005.5  4122.2  30202.5    30140  1778298233295  1778298243403
read      254.1   104.2    86.8   157.2   172.1   242.3   273.1   291.6   305.3   320.7   343.9   383.5   473.9   862.7  4602.3  30086.2    30145  1778298244917  1778298255021
read      263.5   103.9    93.8   161.0   175.9   251.1   284.9   304.4   318.3   336.8   361.6   401.6   492.3   826.1  4126.3  30151.8    30150  1778298256534  1778298266642
read      257.6    93.9    93.8   160.2   175.0   246.3   277.9   296.1   310.4   326.9   349.4   389.0   471.5   717.4  3376.1  30103.9    30155  1778298268154  1778298278260
read      258.4    95.0    93.8   161.2   176.0   247.2   278.8   296.7   310.9   327.3   350.0   389.3   471.9   693.3  3085.1  30212.6    30160  1778298279774  1778298289876
read      260.2   112.6    93.8   159.9   174.9   247.7   280.5   299.0   313.3   330.6   354.0   393.3   481.8  1086.5  4991.3  30176.1    30165  1778298291390  1778298301529
read      264.1   105.4    93.8   162.2   177.7   252.0   285.6   304.9   318.8   337.0   361.1   399.8   489.5   716.9  4307.3  30106.1    30170  1778298303042  1778298313144
read      256.9   104.1    93.8   158.5   173.7   245.3   276.8   295.4   309.6   326.0   348.0   388.1   473.6   881.9  3944.3  30109.9    30175  1778298314657  1778298324759
read      262.2   105.4    93.8   161.2   176.3   249.7   282.6   301.5   315.6   333.5   357.9   398.1   489.2  1128.3  3989.8  30171.1    30180  1778298326272  1778298336375
read      258.0    96.3    93.8   160.5   175.1   246.6   278.4   296.7   310.9   327.3   349.4   388.5   471.3   744.8  3351.0  30161.3    30185  1778298337888  1778298347991
read      258.1   100.3    86.8   159.3   174.6   246.8   279.1   297.2   311.5   328.1   350.9   389.8   471.5   713.9  3356.6  30111.7    30190  1778298349504  1778298359611
read      257.3   106.3    93.8   160.8   175.4   245.5   276.7   295.0   309.0   324.9   346.5   386.4   474.4   863.0  3953.3  30176.2    30195  1778298361126  1778298371236
read      264.1   104.1    86.8   161.2   176.8   252.4   285.7   304.8   318.6   337.0   361.5   400.4   492.8   804.2  4116.3  30218.1    30200  1778298372749  1778298382856
read      263.6   106.5    86.8   162.6   178.0   251.4   283.9   302.6   316.4   334.1   357.9   397.9   490.9  1063.5  3855.5  30314.8    30205  1778298384369  1778298394478
read      259.7    98.0    86.8   161.6   176.5   248.8   280.9   298.9   312.8   329.3   350.9   389.6   469.8   732.2  3685.2  30215.0    30210  1778298395991  1778298406102
read      257.0   102.0    93.8   158.3   173.7   245.5   277.4   295.8   309.9   326.0   347.4   385.4   467.4   978.1  4239.6  30202.6    30215  1778298407614  1778298417723
read      257.3    96.9    86.8   159.5   174.5   246.1   277.7   296.1   310.3   326.6   348.3   387.7   472.2   790.4  3618.3  30259.4    30220  1778298419235  1778298429339
read      255.7   107.8    93.8   157.7   172.8   243.9   275.4   294.2   308.4   324.6   346.5   385.3   470.0   834.0  4320.2  30262.4    30225  1778298430852  1778298440970
read      260.4   107.3    86.8   161.2   176.2   248.4   280.6   299.0   313.3   330.4   353.2   392.3   479.6   956.9  3933.8  30285.2    30230  1778298442482  1778298452593
read      253.4   109.1    93.8   157.7   172.3   242.2   273.1   291.2   304.6   320.1   342.4   378.0   461.8   704.8  4920.8  30289.2    30235  1778298454104  1778298464210
read      257.9    89.3    93.8   161.8   176.3   247.2   278.9   296.6   310.4   326.0   346.6   385.3   468.7   745.4  2949.3  30176.4    30240  1778298465722  1778298475831
read      256.5    97.1    93.8   161.4   176.0   245.5   276.2   294.4   307.9   322.7   344.7   382.5   466.4   732.3  4157.9  30230.2    30245  1778298477344  1778298487452
read      257.8   100.1    93.8   161.2   175.8   246.9   278.0   296.1   310.1   325.7   346.7   385.0   466.1   854.2  3958.0  30259.6    30250  1778298488964  1778298499073
read      253.0   105.8    93.8   157.2   172.1   241.0   272.3   290.6   304.1   319.6   342.2   378.7   462.6   981.7  4302.4  30331.6    30255  1778298500586  1778298510689
read      254.1    99.1    93.8   160.7   174.9   243.0   273.6   291.7   305.0   320.0   342.4   377.7   458.9   634.3  3997.3  30202.6    30260  1778298512201  1778298522316
read      255.5    91.6    93.8   160.3   174.8   244.9   275.9   294.1   307.8   323.0   344.7   380.9   460.6   719.8  2987.0  30234.4    30265  1778298523827  1778298533929
read      257.4    91.0    93.8   161.8   176.3   246.7   277.5   295.4   309.3   325.3   347.2   385.8   465.7   682.3  3557.6  30282.3    30270  1778298535442  1778298545545
read      249.3    97.0    93.8   158.8   172.6   238.4   268.5   285.9   298.0   314.0   334.9   369.3   451.0   628.4  4060.0  30230.6    30275  1778298547057  1778298557160
read      254.0    97.8    93.8   158.9   173.7   242.9   273.9   292.3   305.9   320.9   343.6   380.3   461.4   740.5  3293.6  30287.6    30280  1778298558672  1778298568779
read      250.1    89.7    93.8   158.3   172.7   239.1   269.7   287.2   299.6   315.6   336.8   371.0   454.7   684.9  3056.4  30202.9    30285  1778298570291  1778298580394
read      251.2    87.5    93.8   160.5   174.5   240.7   270.6   288.0   300.4   316.0   337.2   371.4   453.0   631.9  3612.8  30252.4    30290  1778298581905  1778298592008
read      255.2    98.7    86.8   160.0   174.5   243.7   274.4   292.8   306.4   321.6   344.3   382.2   466.9   795.5  4118.1  30288.5    30295  1778298593522  1778298603625
read      259.0   108.9    93.8   158.8   174.1   247.1   279.5   297.7   312.1   329.0   351.9   391.3   478.2  1016.3  4364.1  30324.6    30300  1778298605142  1778298615245
read      258.1   112.5    93.8   161.4   175.8   246.4   277.5   295.6   309.8   326.0   348.1   386.9   469.0   844.4  4249.2  30276.5    30305  1778298616756  1778298626857
read      253.4    91.7    93.8   159.7   174.3   242.8   273.3   291.2   304.3   319.4   341.4   376.5   458.8   666.3  3277.1  30263.9    30310  1778298628369  1778298638476
read      255.9    93.7    93.8   158.5   173.6   245.3   276.6   294.9   308.9   324.9   346.8   385.6   467.3   647.8  3339.6  30337.6    30315  1778298639991  1778298650095
read      257.8    94.2    86.8   159.7   174.6   246.7   278.5   296.7   311.0   327.6   350.1   388.6   469.9   800.8  3222.7  30356.7    30320  1778298651608  1778298661719
read      250.4    94.0    93.8   156.3   170.7   238.8   270.2   288.3   301.3   317.1   339.0   374.0   461.4   793.0  4004.0  30344.4    30325  1778298663235  1778298673345
read      252.7   101.0    93.8   157.6   172.3   240.6   272.0   290.4   304.0   319.7   342.2   379.7   466.5   803.0  4225.3  30396.1    30330  1778298674858  1778298684965
read      260.6   122.5    86.8   161.2   176.0   248.2   280.4   298.5   312.4   328.8   350.5   389.1   474.9  1411.3  5425.2  30338.8    30335  1778298686478  1778298696585
read      259.5    87.4    93.8   160.2   175.6   248.9   281.1   299.6   313.8   331.1   354.1   392.4   472.3   652.5  2732.4  30508.0    30340  1778298698100  1778298708210
read      255.3    92.5    93.8   160.6   175.0   244.3   275.1   293.2   306.8   321.9   344.2   381.6   466.2   741.7  3810.4  30259.1    30345  1778298709722  1778298719826
read      249.8   105.9    93.8   155.2   169.4   238.2   269.6   287.6   300.5   316.7   338.6   373.4   456.4   717.3  4461.1  30281.9    30350  1778298721339  1778298731449
read      255.4   406.1    86.8   158.7   173.4   241.9   272.7   290.8   304.1   319.4   341.7   377.8   461.6   714.1  4551.8  30244.1    30355  1778298732961  1778298743095
read      251.7    97.6    93.8   158.3   173.0   240.9   271.6   289.3   302.1   317.5   339.0   372.9   455.0   681.3  3891.1  30386.0    30360  1778298744608  1778298754715
read      250.1   102.5    93.8   157.8   172.2   238.5   268.9   286.5   298.9   314.9   336.3   371.0   458.6   944.8  4140.4  30366.8    30365  1778298756227  1778298766337
read      247.6    89.7    93.8   156.0   170.0   236.3   266.9   284.2   296.5   312.8   334.1   369.4   453.9   774.7  2957.3  30479.2    30370  1778298767848  1778298777959
read      254.8   101.5    93.8   159.1   173.4   243.0   274.2   292.8   306.6   321.9   344.2   380.9   466.0   923.5  4178.9  30400.1    30375  1778298779475  1778298789581
read      252.6   392.3    93.8   157.4   172.0   240.4   271.1   288.8   301.7   317.3   339.2   373.7   458.5   706.8  4111.1  30424.1    30380  1778298791096  1778298801214
read      247.4   104.1    93.8   156.8   170.8   236.4   266.0   282.7   294.9   310.7   331.1   365.0   444.4   973.8  3899.9  30277.9    30385  1778298802727  1778298812835
read      246.8   101.4    93.8   155.7   169.6   235.8   266.2   283.5   295.8   311.9   332.8   367.5   446.7   629.7  4055.0  30440.8    30390  1778298814347  1778298824453
read      247.1    88.6    93.8   157.0   171.0   236.3   266.5   283.5   295.8   311.6   332.0   366.4   447.1   723.6  3193.9  30437.3    30395  1778298825967  1778298836073
read      252.1    88.0    86.8   158.4   173.0   241.2   272.1   290.1   303.3   318.5   340.6   375.5   460.3   630.2  3116.3  30357.3    30400  1778298837585  1778298847692
read      250.1    95.0    86.8   158.6   172.8   239.7   270.0   287.4   299.8   315.5   336.9   370.6   448.0   629.0  3817.5  30369.7    30405  1778298849204  1778298859313
read      251.4    97.2    93.8   158.5   172.6   239.9   270.6   288.7   301.7   317.5   339.3   374.0   460.2   744.9  3926.1  30412.4    30410  1778298860826  1778298870931
read      242.8    90.4    93.8   154.3   168.1   232.1   261.8   278.2   291.0   306.3   325.7   359.0   434.3   660.6  3804.1  30435.1    30415  1778298872444  1778298882549
read      251.2    94.5    93.8   158.7   173.2   240.7   270.7   288.2   300.8   316.5   337.7   371.3   452.5   677.6  3454.1  30425.0    30420  1778298884062  1778298894165
read      248.5    93.6    93.8   156.0   170.2   237.4   268.1   285.6   297.8   314.1   335.3   369.6   452.1   770.5  3376.6  30415.8    30425  1778298895678  1778298905786
read      248.8   102.6    93.8   155.0   169.3   237.2   268.4   286.3   299.0   315.5   337.5   372.3   457.9   715.3  4161.6  30409.1    30430  1778298907301  1778298917412
read      251.4   106.2    93.8   157.5   172.1   239.9   270.6   288.5   301.4   316.9   338.4   372.2   456.8  1018.5  3752.2  30510.2    30435  1778298918924  1778298929038
read      246.0    89.9    86.8   155.3   169.4   235.2   265.2   282.2   294.7   310.7   331.4   366.3   449.7   641.9  3684.8  30440.1    30440  1778298930555  1778298940660
read      250.5    91.4    93.8   158.9   173.0   239.5   269.9   287.5   300.0   316.1   337.8   372.1   455.4   663.5  3872.7  30318.7    30445  1778298942172  1778298952282
read      249.5    98.9    93.8   157.1   171.3   238.3   268.8   286.1   298.2   314.3   335.9   370.8   454.5   873.1  3308.7  30408.4    30450  1778298953795  1778298963909
read      246.5    87.8    86.8   154.5   168.6   235.8   266.6   284.1   296.3   312.3   333.0   367.3   446.0   644.3  3138.1  30571.8    30455  1778298965422  1778298975537
read      248.2    96.8    93.8   157.4   171.4   237.3   267.5   284.5   296.4   312.3   332.9   366.8   445.7   759.6  4091.0  30465.2    30460  1778298977051  1778298987159
read      244.8    91.5    93.8   153.8   167.7   233.9   264.3   281.2   293.8   309.7   330.0   364.9   448.3   700.3  3476.9  30429.1    30465  1778298988672  1778298998777
read      246.2    90.4    93.8   155.2   169.3   235.6   265.6   282.5   294.9   310.8   331.4   366.1   445.6   663.1  3219.6  30524.1    30470  1778299000290  1778299010392
read      253.9    89.4    93.8   161.1   175.4   243.7   273.6   291.3   304.3   319.4   341.1   375.0   457.4   667.9  3428.8  30394.8    30475  1778299011904  1778299022009
read      246.3    85.6    86.8   155.6   169.7   235.8   266.3   283.5   295.9   311.9   332.5   366.5   441.0   607.6  3100.7  30435.8    30480  1778299023522  1778299033629
read      247.5   101.4    93.8   156.4   170.7   236.6   266.5   283.5   295.6   311.5   331.9   366.3   445.1   736.8  4299.6  30499.7    30485  1778299035142  1778299045249
read      247.8    96.7    93.8   156.6   170.9   236.9   267.1   284.2   296.3   312.3   332.9   366.7   444.0   684.7  4118.7  30544.3    30490  1778299046762  1778299056867
read      248.0    98.3    93.8   154.6   168.8   236.8   267.8   285.6   298.2   314.7   336.4   371.0   450.9   709.7  3943.9  30540.5    30495  1778299058379  1778299068487
read      248.6    87.8    86.8   158.2   172.3   238.3   268.0   284.9   296.8   312.7   333.2   367.0   448.5   679.0  3059.5  30491.5    30500  1778299070000  1778299080107
Warning! Detected max cpu usage > 95%
CPU Usage Stats (avg/min/max): 83.67%,2.01%,100.00%
