./mcperf -s 100.96.3.2 -a 10.0.16.3 --nolo
ad -T 8 -C 8 -D 4 -Q 1000 -c 8 -t 5 -w 2 --scan 5000:80000:5000
#type       avg     std     min      p5     p10     p50     p67     p75     p80     p85     p90     p95     p99    p999   p9999     QPS   target
read      427.2   625.9    93.8   161.0   175.2   248.5   290.0   322.2   364.1   608.3   807.6  1674.4  2632.4  7899.2  9055.8   4980.0     5000
read      606.9   777.5   101.3   168.3   192.8   313.6   440.5   703.7   822.4  1021.5  1646.4  1863.1  2881.6  8025.4  9687.7   9955.0    10000
read     3165.8  2784.8   101.3   228.2   285.3  3128.5  3985.6  4383.2  4940.0  6137.9  7171.8  8079.9 11839.2 16240.6 21074.7  14587.6    15000
read     4610.9  2435.3   148.8  1304.9  1575.3  3994.2  4567.6  5534.2  6360.3  7070.5  7794.4  8757.8 14069.7 18716.8 31064.8  15750.2    20000
read     4223.7  2110.6   202.4  1268.8  1478.3  3838.3  4240.1  4674.2  5432.1  6260.7  7191.9  8049.0 10964.4 16191.6 20431.5  17100.2    25000
read     4098.6  2129.5   127.6  1195.1  1346.0  3759.5  4207.5  4631.6  5314.6  6270.0  7156.9  7975.7 10527.3 16040.6 18917.7  17534.4    30000
read     3523.9  1747.3   173.5  1160.4  1282.2  3467.6  3738.8  3949.0  4131.5  4587.4  5665.3  7484.8  8556.6 13390.6 16220.0  20329.4    35000
read     3359.8  1636.8   127.6  1196.7  1295.4  3397.2  3646.9  3796.2  3990.2  4344.6  5217.8  7033.2  8099.1 10228.9 14409.5  21272.2    40000
read     3401.7  1657.6   127.6  1195.4  1303.6  3423.9  3677.2  3843.3  4011.1  4358.2  5293.9  7154.2  8110.0 11127.3 16370.2  21078.0    45000
read     3167.7  1623.2   173.5  1121.0  1217.0  3295.1  3503.3  3675.5  3807.1  4147.7  4888.7  6606.2  8062.3 10187.9 14188.9  22561.8    50000
read     3325.2  1629.7   218.6  1176.9  1274.5  3379.5  3626.0  3765.1  3969.4  4342.1  5207.7  7007.6  8067.9 10025.8 14120.8  21538.2    55000
read     3245.3  1631.2   137.8  1133.4  1237.1  3339.7  3573.6  3725.6  3900.6  4235.9  5030.9  6838.3  8065.8 10082.7 13675.9  22046.8    60000
read     3242.7  1665.6   148.8  1099.8  1207.1  3323.0  3586.7  3749.3  3950.4  4298.9  5132.6  6862.2  8077.3 10779.2 14948.9  22037.2    65000
read     3329.3  1884.8   148.8  1099.4  1202.7  3330.9  3593.0  3759.4  3995.8  4367.2  5288.8  7455.6  8993.1 16669.8 25125.9  21622.8    70000
read     3169.9  1619.4   160.7  1109.8  1209.0  3300.0  3522.2  3690.1  3837.4  4159.8  4820.6  6587.8  8052.9 10178.1 14534.3  22559.5    75000
read     3220.0  1619.4   148.8  1148.1  1242.6  3331.9  3559.1  3707.5  3858.5  4192.3  4984.7  6744.5  8068.3 10021.8 13549.7  22184.4    80000
Warning! Detected max cpu usage > 95%
CPU Usage Stats (avg/min/max): 66.77%,0.50%,100.00%