./mcperf -s 100.96.3.2 -a 10.0.16.3 --nolo
ad -T 8 -C 8 -D 4 -Q 1000 -c 8 -t 5 -w 2 --scan 5000:80000:5000
#type       avg     std     min      p5     p10     p50     p67     p75     p80     p85     p90     p95     p99    p999   p9999     QPS   target
read      487.3   772.4    93.8   175.0   190.5   273.5   321.1   366.9   440.0   727.8   913.4  1749.8  2810.7  8087.7 14490.4   5029.8     5000
read      634.1   806.0   101.3   180.7   206.0   333.9   446.1   745.5   874.3  1054.4  1690.5  1913.8  2994.1  8075.7 10144.2  10010.0    10000
read     1767.5  2126.3    93.8   206.0   248.6   845.1  1774.0  2543.4  3361.3  3830.4  4333.6  6547.4  9006.6 15456.0 17883.1  14900.1    15000
read     4533.9  2264.0   101.3  1309.8  1572.7  4005.4  4539.5  5350.7  6228.7  6864.1  7621.7  8406.8 12328.7 16240.6 23915.6  15941.6    20000
read     4355.2  2130.2   148.8  1295.8  1547.1  3920.7  4354.6  4902.9  5713.5  6494.8  7278.8  8037.2 11109.7 16550.1 25063.8  16580.6    25000
read     5840.3  2882.7   148.8  2192.9  3519.5  4833.9  6650.8  7335.1  7774.4  8215.8  9119.3 11012.2 15932.7 22727.3 25717.4  12662.6    30000
read     6306.9  3543.1   187.4  1786.6  3423.5  5135.1  7170.7  7876.6  8380.1  9133.1 10429.1 13600.1 17694.5 27573.7 37961.0  11902.2    35000
read     4379.3  2033.3   202.4  1345.0  1626.3  3946.0  4329.8  4832.9  5695.7  6467.8  7377.0  8048.8 10309.9 16040.9 18518.5  16572.0    40000
read     4846.2  2793.5   202.4  1316.6  1663.9  4034.1  4721.6  5990.1  6671.3  7422.1  8029.3  9628.3 15621.1 24009.2 31509.4  15165.0    45000
read     4873.3  2463.7   187.4  1383.2  2198.0  4155.6  4928.3  6144.7  6746.8  7382.2  7926.4  8971.2 14716.2 19440.5 25154.5  15031.4    50000
read     5936.7  2975.0   236.1  2129.9  3515.9  4941.8  6773.1  7477.8  7861.7  8359.8  9313.0 11335.1 16037.9 24028.0 28284.9  12563.4    55000
read     9953.0  6133.9   218.6  1619.5  3412.9  8840.3 11745.0 13394.5 14790.2 15947.2 17750.0 21957.0 29337.0 39408.8 49027.3   8112.4    60000
read     4720.2  2546.9   202.4  1336.1  1630.9  3994.1  4648.4  5764.0  6527.8  7270.2  7882.0  9084.6 14861.1 18909.6 25710.6  15506.0    65000
read     4166.7  2085.7   160.7  1295.4  1456.2  3774.9  4142.7  4531.6  5210.0  6133.2  7157.2  7975.5 10768.9 16160.6 23993.0  17365.0    70000
read     3827.5  1887.0   187.4  1218.5  1343.9  3622.6  3967.1  4230.1  4539.3  5325.3  6501.4  7732.1  9317.1 15627.5 17254.5  18825.7    75000
read     4625.0  2450.0   127.6  1288.0  1573.9  4009.4  4616.1  5479.1  6324.6  7028.0  7797.3  8809.8 14064.7 19995.7 25562.9  15774.0    80000
Warning! Detected max cpu usage > 95%
CPU Usage Stats (avg/min/max): 66.30%,0.50%,100.00%
