./mcperf -s 100.96.3.2 -a 10.0.16.3 --noload -T 8 -C 8 -D 4 -Q 1000 -c 8 -t 5 -w 2 --scan 5000:80000:5000
#type       avg     std     min      p5     p10     p50     p67     p75     p80     p85     p90     p95     p99    p999   p9999     QPS   target
read      362.1   327.9   137.8   224.1   241.9   325.7   363.4   385.3   401.7   424.4   456.1   521.8  1136.9  3124.6 12681.5   4979.8     5000
read      427.5   416.0   109.4   218.7   242.9   366.9   422.5   456.1   482.0   516.4   577.7   697.8  1707.4  7338.6  9707.1  10062.4    10000
read      516.4   696.8   109.4   214.0   244.8   401.8   475.1   522.5   563.8   617.7   687.0   910.6  3252.9  9307.1 15811.0  14954.2    15000
read      672.8   992.4   101.3   219.6   256.2   455.0   564.8   636.4   691.2   788.1  1027.8  1871.9  5375.4 12835.0 17751.5  19954.8    20000
read      791.4   963.9   101.3   230.6   275.4   532.5   687.9   806.4   935.2  1164.6  1588.2  2052.7  5615.6 10217.6 15524.2  24856.4    25000
read     2573.5  1240.1   137.8  1899.3  2001.2  2280.5  2383.4  2485.0  2548.4  2683.2  2965.0  4494.4  8034.9 12193.7 16967.5  27571.4    30000
read     2474.7  1131.2   160.7  1830.4  1916.7  2189.8  2325.5  2411.5  2504.9  2633.6  2899.6  4183.7  7967.7  9959.6 13570.4  28796.4    35000
read     2421.3  1129.9   255.0  1843.0  1912.9  2150.0  2258.3  2328.9  2373.0  2499.1  2733.2  4064.4  7955.6 10162.3 14953.5  29590.6    40000
read     2411.5  1168.5   218.6  1763.3  1822.6  2091.6  2225.3  2339.3  2444.1  2602.7  2978.2  4220.5  7965.9 10175.0 15183.9  29632.6    45000
read     2527.3  1198.9   173.5  1901.1  1957.1  2216.4  2336.7  2419.4  2507.6  2632.3  2912.5  4360.5  8013.1 10689.6 15814.0  28383.8    50000
read     2336.2  1100.1   255.0  1752.6  1807.2  2058.0  2172.8  2261.8  2339.4  2465.5  2734.3  3926.2  7929.6  9283.5 12006.0  30628.4    55000
read     2263.4  1128.1   255.0  1667.9  1752.9  1982.0  2090.6  2165.4  2231.0  2349.0  2617.1  3870.3  7942.7  9769.5 14254.1  31626.8    60000
read     2470.5  1226.1   255.0  1827.5  1908.9  2157.5  2278.3  2350.2  2426.0  2542.8  2827.1  4357.1  8014.9 11203.4 18851.4  29077.2    65000
read     2410.1  1211.9   218.6  1724.1  1793.1  2080.6  2228.6  2346.6  2458.6  2627.2  3058.2  4269.0  7983.4 11522.8 15539.1  29773.2    70000
read     2510.1  1147.3   297.4  1893.6  1950.9  2218.8  2346.6  2443.0  2524.5  2655.4  2917.3  4271.9  7973.3 10009.7 17915.8  28574.4    75000
read     2554.9  1278.4   297.4  1800.2  1889.5  2161.8  2341.1  2495.5  2648.1  2919.8  3495.4  4764.4  8009.6 11635.8 16200.1  28093.6    80000
Warning! Detected max cpu usage > 95%
CPU Usage Stats (avg/min/max): 66.03%,1.00%,100.00%
