./mcperf -s 100.96.3.2 -a 10.0.16.3 --noload -T 8 -C 8 -D 4 -Q 1000 -c 8 -t 5 -w 2 --scan 5000:80000:5000
#type       avg     std     min      p5     p10     p50     p67     p75     p80     p85     p90     p95     p99    p999   p9999     QPS   target
read      289.1   121.1   101.3   181.6   197.6   276.0   308.4   327.1   341.5   359.8   383.8   426.0   569.0  1614.6  4315.3   5007.8     5000
read      331.9   201.2   109.4   186.1   210.3   313.9   351.9   373.0   389.8   408.6   435.3   488.8   761.2  3222.5  7632.3  10089.2    10000
read      355.2   224.1   101.3   182.0   212.0   340.4   383.8   406.9   425.5   447.7   479.8   559.2   772.0  1651.9  9872.6  15021.0    15000
read      364.4   171.9    93.8   175.8   204.1   346.8   395.8   423.7   444.9   471.8   520.8   623.6   814.4  2001.0  4326.2  19932.6    20000
read      803.0  1077.5   101.3   190.6   229.4   422.0   541.0   672.5   825.2  1411.9  2051.4  2934.3  5627.3  8445.0 12620.6  24936.8    25000
read      417.0   244.0    93.8   176.0   207.1   378.4   443.9   489.2   529.7   588.8   659.3   765.0  1113.2  2564.4  7535.6  30029.6    30000
read      454.8   282.7    93.8   183.0   216.1   395.3   480.1   543.9   599.3   658.9   739.1   887.2  1411.8  2456.3  7779.9  34986.2    35000
read     2028.0  1079.4    93.8  1283.3  1389.5  1821.9  1974.8  2066.0  2150.4  2265.4  2499.2  3463.3  7867.4  9694.9 13184.6  34796.6    40000
read     2086.7  1122.4   236.1  1281.9  1396.8  1843.2  2013.3  2130.9  2223.3  2373.5  2735.9  3593.2  7885.2  9921.7 15063.7  34123.2    45000
read     2005.7  1064.5   148.8  1276.9  1378.4  1789.4  1942.4  2029.0  2118.8  2230.2  2485.7  3407.9  7870.0  9729.8 12005.9  35412.4    50000
read     2056.7  1081.5   202.4  1294.6  1399.2  1840.5  1998.0  2100.5  2179.9  2302.1  2525.2  3493.5  7870.9  9744.3 13814.5  34604.4    55000
read     2146.5  1144.6   187.4  1331.5  1447.6  1889.3  2070.7  2191.8  2304.1  2457.4  2763.6  3695.1  7914.8 10240.5 15038.6  33269.8    60000
read     2081.0  1086.9   202.4  1308.3  1413.8  1849.8  2013.6  2127.6  2212.7  2346.8  2638.3  3507.1  7882.8  9310.3 12041.4  34279.8    65000
read     2069.0  1092.8   173.5  1310.0  1417.3  1837.3  1997.8  2101.4  2180.6  2313.6  2588.1  3513.2  7885.3  9315.2 12701.1  34488.2    70000
read     2005.0  1054.1   187.4  1279.2  1374.7  1794.9  1947.1  2029.8  2116.5  2218.4  2459.9  3407.3  7854.8  9041.2 12113.3  35420.8    75000
read     2065.2  1108.5   297.4  1287.4  1396.0  1831.6  1995.6  2104.7  2188.5  2329.2  2637.3  3520.0  7881.3 10021.5 15038.0  34515.0    80000
Warning! Detected max cpu usage > 95%
CPU Usage Stats (avg/min/max): 66.93%,0.50%,100.00%
