./mcperf -s 100.96.3.2 -a 10.0.16.3 --noload -T 8 -C 8 -D 4 -Q 1000 -c 8 -t 5 -w 2 --scan 5000:80000:5000
#type       avg     std     min      p5     p10     p50     p67     p75     p80     p85     p90     p95     p99    p999   p9999     QPS   target
read      299.1   187.4   109.4   192.8   207.3   276.3   307.3   324.9   338.8   356.0   379.8   426.6   820.1  2194.7  7836.2   5024.8     5000
read      326.3   159.2   101.3   189.0   210.6   307.5   346.2   368.8   386.3   406.5   433.9   485.1   820.6  1970.3  4391.8  10033.8    10000
read      349.9   239.2   101.3   178.7   203.5   324.4   370.6   396.2   415.3   437.5   469.9   535.7   986.6  3516.4  7389.3  15053.0    15000
read      436.4   395.5   101.3   183.2   213.7   375.9   439.4   478.5   509.5   557.8   629.8   795.8  1688.7  6614.9  8124.1  19998.6    20000
read      708.5   883.3    86.8   201.1   244.3   463.4   616.4   737.1   865.6  1062.3  1343.3  1853.6  4651.0  9018.1 15350.4  24895.0    25000
read      517.6   584.9    93.8   180.6   215.2   399.7   490.7   555.1   608.5   672.7   804.4  1171.5  2604.7  7847.9 12906.2  30060.2    30000
read      631.4   686.1    93.8   195.1   238.8   461.6   603.4   693.3   786.6   926.6  1152.1  1461.7  3036.9  8129.6 10819.3  34858.8    35000
read      792.2   731.4    93.8   213.8   268.7   586.0   837.8  1055.5  1182.7  1299.4  1447.3  1820.7  3132.2  7984.3 10704.3  39896.2    40000
read     1764.3  1056.7   202.4  1212.5  1268.8  1474.9  1601.8  1711.9  1822.0  2012.9  2500.0  2995.8  7799.8 10106.2 14814.2  39843.4    45000
read     1669.9   949.4   187.4  1181.8  1221.0  1428.8  1549.3  1641.7  1727.6  1866.0  2242.6  2791.8  7687.9  8931.4 12629.4  41987.0    50000
read     1561.2   880.6   173.5  1131.1  1186.3  1344.8  1426.3  1485.6  1559.9  1684.5  2177.2  2642.3  7603.9  8165.3 10586.5  44614.4    55000
read     1811.5  1040.1   160.7  1304.4  1355.1  1556.0  1650.7  1721.3  1792.0  1909.5  2306.6  3052.3  7818.5  9776.8 13177.8  38957.4    60000
read     1688.7   963.2   236.1  1214.2  1269.4  1450.5  1541.9  1606.2  1683.3  1803.1  2225.7  2853.8  7717.5  9049.6 12195.5  41551.6    65000
read     1599.8   928.8   218.6  1181.3  1217.1  1381.0  1459.5  1498.1  1563.0  1647.3  2007.3  2695.6  7640.7  9222.9 14747.3  43620.0    70000
read     1599.1   897.5   173.5  1153.6  1205.1  1379.5  1468.7  1533.1  1598.0  1714.7  2062.4  2697.9  7628.6  8171.4 10743.6  43660.6    75000
read     1422.9   799.6   160.7  1045.9  1095.2  1234.6  1294.1  1350.8  1386.4  1491.3  2058.6  2423.0  7066.9  8120.4 10216.9  48466.8    80000
Warning! Detected max cpu usage > 95%
CPU Usage Stats (avg/min/max): 66.93%,0.50%,100.00%
