./mcperf -s 100.96.3.2 -a 10.0.16.3 --noload -T 8 -C 8 -D 4 -Q 1000 -c 8 -t 5 -w 2 --scan 5000:80000:5000
#type       avg     std     min      p5     p10     p50     p67     p75     p80     p85     p90     p95     p99    p999   p9999     QPS   target
read      419.9   580.2   101.3   207.4   227.3   326.6   374.8   409.8   439.3   480.1   555.3   778.3  1987.3  8025.7 15262.2   5018.2     5000
read      569.8   689.2   101.3   219.7   252.3   398.0   481.9   557.1   636.9   749.5   924.9  1351.3  3642.0  8017.2 10142.3  10081.0    10000
read      435.2   427.2   101.3   196.0   229.7   367.7   419.6   451.8   478.2   517.7   602.5   786.2  2098.5  6638.8  8078.1  14912.6    15000
read      414.9   221.8   101.3   186.3   221.2   376.4   433.8   470.6   503.8   557.3   646.1   790.2  1134.2  2111.0  6979.0  19978.4    20000
read      660.4   801.9    93.8   191.2   230.3   424.7   533.0   644.3   740.1   901.8  1291.8  2049.2  3939.9  8031.8 11439.4  25173.2    25000
read     2003.9  1354.4   101.3   315.7   424.6  1905.1  2225.1  2430.8  2604.2  2851.4  3205.7  4003.9  7871.1  9919.1 13611.8  29182.2    30000
read     3104.0  1476.7   160.7  1609.9  1784.3  2756.0  3230.1  3558.7  3805.5  4108.0  4701.6  6360.9  8076.2 11096.4 16207.1  23037.8    35000
read     3867.7  1960.2   255.0  1855.2  2089.7  3366.4  4033.7  4488.7  4877.9  5404.2  6396.8  7809.0 10545.8 16940.8 22725.8  18666.4    40000
read     3250.3  1500.5   187.4  1733.6  1932.3  2902.3  3350.9  3652.9  3894.0  4238.0  4850.6  6793.7  8114.1 12118.0 18164.0  22102.4    45000
read     3103.5  1607.4   218.6  1590.9  1778.9  2677.7  3131.4  3443.8  3723.5  4126.1  4882.6  7108.1  8517.2 14559.6 16973.1  23200.4    50000
read     2769.0  1369.0   202.4  1473.0  1637.8  2435.6  2857.3  3103.4  3306.7  3596.7  4047.0  5401.1  8007.2 10212.1 15848.3  25802.1    55000
read     3106.1  1549.7   202.4  1568.8  1763.4  2736.9  3193.2  3506.1  3766.5  4117.0  4771.5  6811.2  8124.2 13157.2 16155.1  23078.8    60000
read     3042.2  1493.3   255.0  1529.3  1721.8  2672.8  3158.8  3481.6  3737.4  4084.2  4685.2  6315.1  8060.2 11296.7 16234.7  23589.2    65000
read     2816.5  1353.9   321.2  1540.2  1724.0  2513.7  2883.8  3106.8  3281.7  3540.0  3985.5  5253.0  8031.8 12033.1 15100.2  25475.0    70000
read     2409.3  1205.9   160.7  1423.6  1558.7  2105.3  2380.9  2573.2  2736.6  2946.9  3300.6  4251.8  7937.0  9507.7 13245.5  29618.6    75000
read     2422.2  1201.1   160.7  1427.8  1560.0  2128.4  2392.5  2584.9  2746.1  2966.9  3354.5  4213.7  7938.4  9652.3 12811.2  29499.4    80000
Warning! Detected max cpu usage > 95%
CPU Usage Stats (avg/min/max): 66.80%,1.51%,100.00%
