./mcperf -s 100.96.3.2 -a 10.0.16.3 --noload -T 8 -C 8 -D 4 -Q 1000 -c 8 -t 5 -w 2 --scan 5000:80000:5000
#type       avg     std     min      p5     p10     p50     p67     p75     p80     p85     p90     p95     p99    p999   p9999     QPS   target
read      291.4    82.7   118.1   201.4   216.8   283.1   310.8   326.4   338.5   352.6   371.6   403.2   483.4   777.4  3108.9   5029.8     5000
read      315.2    95.1    93.8   198.4   221.6   308.1   340.8   359.6   372.3   389.2   409.3   446.4   549.6  1028.4  2994.4   9945.0    10000
read      334.5   118.6    93.8   188.2   218.5   327.4   365.0   385.9   400.1   419.4   443.9   490.2   635.6  1341.1  3575.5  14966.0    15000
read      354.7   155.5    93.8   178.7   211.3   342.8   387.4   411.6   430.3   454.6   490.3   570.8   725.2  1958.4  4517.5  19950.6    20000
read      357.9   148.5    93.8   168.9   197.3   345.3   395.2   423.2   444.2   470.5   514.0   601.7   770.7  1763.2  2880.2  25046.8    25000
read      378.6   154.9    86.8   170.2   201.1   359.8   415.6   449.4   477.0   519.9   589.7   670.1   815.6  1136.6  1951.5  30183.0    30000
read      392.3   190.4    93.8   170.2   199.1   360.8   425.8   468.3   506.4   564.7   632.7   722.2   923.4  1671.4  3919.2  35052.0    35000
read      468.8   328.5    93.8   178.1   213.9   395.2   486.4   560.7   617.2   678.8   764.7   948.2  1668.8  2962.3  7977.6  39918.0    40000
read      622.6   502.1    93.8   196.6   244.2   481.4   648.7   759.3   867.5  1012.5  1168.3  1407.2  2218.0  7567.9  8949.5  45018.1    45000
read     1535.6   842.5   236.1  1080.2  1135.5  1351.7  1452.3  1515.9  1579.8  1671.7  1954.8  2597.0  7545.1  8130.9 10234.3  45108.0    50000
read     1485.5   821.8   202.4  1055.0  1110.9  1299.2  1384.3  1456.9  1509.5  1602.9  1996.2  2525.4  7371.1  8132.9 10471.3  46678.0    55000
read     1522.0   834.5   173.5  1071.1  1126.3  1336.4  1437.1  1500.0  1569.1  1662.1  1968.7  2566.1  7453.8  8430.3 10453.4  45601.8    60000
read     1552.0   870.0   173.5  1098.0  1144.7  1360.1  1465.6  1537.9  1596.9  1693.5  1961.8  2624.0  7562.6  9455.1 13120.1  44837.0    65000
read     1558.0   860.0   137.8  1079.8  1136.9  1362.7  1470.6  1548.5  1609.7  1718.1  2101.8  2646.2  7554.2  8822.2 11828.9  44646.2    70000
read     1575.3   872.4   275.4  1086.1  1140.6  1368.7  1485.2  1572.1  1641.7  1747.2  2148.4  2667.9  7593.5  8182.1 10793.1  44245.8    75000
read     1519.3   834.4   160.7  1062.2  1120.1  1334.1  1436.8  1500.7  1569.3  1662.5  1982.9  2578.2  7541.9  8115.0 10207.2  45736.2    80000
Warning! Detected max cpu usage > 95%
CPU Usage Stats (avg/min/max): 66.57%,0.50%,100.00%
