Random waveform, supplied seed
Total number of intervals = 450 (6927, 52892, 98921, 61129, 40613, 53226, 38560, 103465, 104758, 94759, 37799, 8296, 69443, 12517, 43591, 20430, 93758, 10485, 16518, 83230, 5484, 55611, 20774, 96726, 32442, 73039, 74055, 51197, 59442, 35654, 78747, 42212, 52488, 36950, 16762, 79473, 61431, 87172, 108181, 80515, 37149, 13444, 72057, 70041, 90162, 52082, 24258, 72013, 58012, 45398, 50177, 34504, 66010, 73937, 55020, 53235, 97743, 5419, 14764, 7451, 48208, 16149, 78989, 18886, 75954, 44409, 16431, 85707, 58253, 103867, 21604, 90401, 84467, 99700, 32052, 18173, 67789, 51929, 83850, 18614, 29315, 108090, 27024, 49907, 9150, 34328, 51881, 14569, 81517, 78694, 93409, 39093, 18729, 70818, 21942, 91810, 39588, 40957, 62645, 15539, 107672, 32954, 58866, 23739, 54701, 60706, 72350, 58661, 34912, 103268, 38703, 83358, 57408, 86837, 33517, 66204, 73758, 99742, 109462, 94453, 44096, 100467, 8576, 59359, 7614, 60329, 43762, 67038, 26095, 71173, 109276, 13150, 61250, 84472, 82226, 27671, 98736, 106314, 105027, 96867, 89493, 50538, 22083, 48618, 94298, 63579, 64573, 77178, 29824, 64495, 20917, 85651, 61935, 50216, 72251, 71798, 19701, 24952, 81838, 26648, 24837, 29420, 103882, 70314, 61679, 49557, 19325, 9128, 94933, 24327, 71896, 93771, 20452, 42338, 72627, 80603, 49049, 92305, 56889, 78036, 71583, 72609, 107382, 86530, 16550, 84534, 72631, 49291, 62175, 80213, 16566, 53985, 101949, 24076, 52574, 106271, 105451, 86087, 29108, 101115, 74326, 75832, 94901, 15809, 28874, 51882, 32653, 41676, 63019, 99164, 47055, 62394, 98519, 32122, 49464, 24034, 77363, 91698, 38997, 86028, 83012, 15024, 56640, 97362, 107412, 65030, 79278, 47544, 105368, 58181, 56960, 14849, 63672, 48289, 11797, 10781, 49362, 102119, 46213, 97025, 18351, 21426, 43013, 67376, 36043, 6255, 102499, 26263, 56974, 40869, 46514, 11431, 58600, 68058, 54502, 64022, 52142, 101375, 40606, 47485, 48977, 38615, 80279, 75843, 67095, 41325, 55752, 85561, 14194, 88002, 90515, 109283, 26699, 37400, 19307, 11527, 83787, 22209, 75169, 73833, 94641, 61338, 91825, 77235, 37257, 32057, 108618, 72930, 43714, 87369, 56640, 97360, 79788, 11352, 87962, 40663, 59386, 48302, 19398, 82197, 77387, 72753, 7720, 46279, 42102, 90892, 39976, 61084, 16735, 45909, 28976, 84704, 101822, 92571, 12106, 58568, 51319, 21556, 14191, 29072, 16350, 86891, 104441, 8906, 42175, 51797, 76678, 19630, 100132, 40498, 108559, 23964, 70760, 99567, 107548, 53742, 103931, 60359, 9725, 52014, 40053, 86436, 23983, 66595, 26056, 51764, 40202, 76665, 11133, 80405, 79106, 97258, 36307, 28636, 41620, 75736, 44979, 31478, 37586, 108330, 64301, 11203, 7291, 87477, 77485, 42055, 26865, 94592, 66869, 17835, 55977, 82437, 15775, 87559, 105401, 88752, 94531, 101303, 86640, 84818, 20221, 43599, 52779, 89855, 48532, 107423, 46535, 47535, 49633, 30334, 17207, 106074, 48912, 96483, 39228, 92350, 85084, 81993, 101617, 16730, 71079, 108942, 55406, 42279, 21876, 34140, 42897, 18462, 100375, 41347, 101594, 47486, 73393, 51134, 58201, 71020, 72071, 93446, 28724, 59269, 74624, 52368, 9687, 44165, 6895, 55457, 61164, 108384, 33319, 97895, 39720, 68554, 86849, 30264, 100754, 98098, 86028, 93054, 42348, 29490, 18187, 95113, 8570, 62285, 52582, 34260, 59493, 58208, 93458, 18056)
Average QPS expected = 58024
Timestamp start: 1778013501860
Timestamp end: 1778015302264

#type       avg     std     min      p5     p10     p50     p67     p75     p80     p85     p90     p95     p99    p999   p9999      QPS   target
read      266.1   145.7   101.3   169.6   187.3   251.5   274.3   288.6   298.0   311.5   327.7   357.1   756.9  1676.0  7021.1   6921.8     6927
read      345.5   252.1    93.8   138.6   154.1   295.3   371.0   420.2   458.8   505.5   565.0   668.5  1245.0  2739.8  6456.6  52690.8    52892
read      379.9   467.5    86.8   142.4   159.2   275.3   339.3   380.7   416.7   471.6   583.9   858.0  2751.9  5703.0  8063.4  98715.2    98921
read      262.8   113.3    86.8   132.5   145.4   250.0   304.2   329.6   346.2   366.3   391.2   432.4   562.3   871.9  3430.2  61011.5    61129
read      269.7   103.3    93.8   141.1   155.5   268.3   308.4   327.6   340.7   356.6   375.3   409.5   523.1   893.0  2031.8  40580.0    40613
read      298.7   152.2    86.8   134.9   149.0   276.5   334.9   368.3   394.4   427.9   472.0   550.5   742.7  1432.7  2349.9  53235.2    53226
read      289.4   136.5    93.8   141.1   155.8   276.8   324.0   348.8   367.4   389.8   420.9   474.1   679.4  1534.8  2762.0  38494.8    38560
read      470.1   603.0    86.8   153.1   174.9   313.8   387.7   439.0   483.7   546.0   677.6  1567.6  3418.8  6836.6  8133.4 103513.5   103465
read      306.4   278.0    86.8   138.6   153.2   255.2   310.3   341.5   365.3   395.0   439.9   550.3  1505.9  3386.7  7448.4 104831.2   104758
read      278.9   170.4    86.8   135.7   149.2   244.5   299.5   329.7   351.1   377.1   415.2   500.4   939.4  1930.3  3045.9  95014.2    94759
read      269.3   104.7    86.8   142.0   156.6   268.7   306.7   325.1   337.8   352.3   371.9   404.2   507.3   869.4  3196.7  37961.2    37799
read      242.0   107.8   109.4   166.2   183.0   236.3   255.1   266.1   273.0   283.1   294.9   316.1   368.5  1253.3  4255.3   8271.2     8296
read      315.1   226.7    86.8   132.9   146.3   266.2   332.3   372.6   406.4   453.9   517.5   634.3  1234.2  2447.6  4297.7  69380.2    69443
read      262.2   109.5   101.3   166.9   185.5   255.2   279.3   292.8   303.0   315.3   331.7   358.3   463.5  1247.8  5774.1  12351.8    12517
read      290.7   137.5    86.8   138.5   152.3   275.2   326.9   355.1   375.2   400.3   435.4   496.1   709.7  1539.6  2176.2  43616.5    43591
read      276.2   104.5    93.8   156.0   174.2   269.3   301.6   319.2   332.2   345.8   367.0   401.1   533.4  1300.5  2530.1  20470.2    20430
read      365.7   428.5    86.8   139.2   154.7   268.4   331.8   371.6   406.7   463.9   578.6   863.7  2289.5  5214.8  7986.8  93733.2    93758
read      249.9    73.9   109.4   169.7   187.7   246.9   267.1   277.6   286.3   295.0   309.0   329.4   374.3  1103.9  3076.6  10621.8    10485
read      258.0    70.8   101.3   161.5   180.2   257.5   281.2   293.5   302.9   313.9   327.8   347.5   401.7   809.5  2323.2  16492.8    16518
read      317.5   295.7    86.8   134.9   148.8   254.9   316.8   353.1   382.4   425.1   500.8   657.6  1582.2  3443.4  7681.3  83254.0    83230
read      232.8   105.9   101.3   164.3   178.3   227.6   244.7   253.7   261.6   270.3   282.5   302.5   355.3  1243.2  4712.2   5524.2     5484
read      263.9   110.9    86.8   134.4   147.7   254.0   305.5   329.7   345.4   364.1   387.5   426.1   538.7   916.9  2442.7  55739.5    55611
read      278.2   125.3    86.8   156.4   174.3   270.8   302.8   320.0   333.3   347.0   368.4   404.0   547.8  1274.5  5461.1  20837.8    20774
read      389.6   457.3    86.8   143.4   160.4   276.1   339.8   380.9   418.5   480.7   633.8  1082.5  2464.2  5053.9  8025.3  96588.0    96726
read      268.2    91.3    93.8   146.2   161.8   269.0   304.2   321.1   333.9   346.8   366.2   394.8   462.1   683.6  2317.1  32500.5    32442
read      262.4   138.2    86.8   131.5   144.1   242.0   298.8   326.7   345.6   368.1   396.2   445.5   615.2  1068.7  4564.0  73152.2    73039
read      263.1   127.8    86.8   131.6   144.3   241.4   299.0   327.6   346.5   369.1   397.8   449.7   629.6  1195.5  3475.4  73838.0    74055
read      263.8    96.8    86.8   135.7   149.0   258.7   307.5   330.0   344.6   362.4   383.9   418.7   507.7   670.2  1933.6  51319.2    51197
read      264.7   135.8    86.8   133.9   147.1   252.7   304.8   329.3   345.3   364.9   389.6   430.7   554.3  1048.9  3674.4  59280.0    59442
read      288.0   138.2    86.8   141.7   156.8   276.5   320.0   343.4   361.2   382.2   411.2   466.6   681.8  1547.4  2529.3  35760.2    35654
read      337.8   297.7    86.8   135.6   150.0   268.7   336.8   384.1   427.6   485.0   563.8   714.8  1591.2  3304.6  7449.1  78583.5    78747
read      296.8   170.4    86.8   139.9   154.4   279.1   330.3   358.2   378.4   403.1   438.2   501.6   731.9  1984.0  4643.0  42262.2    42212
read      299.1   155.0    86.8   135.9   150.0   276.0   333.4   365.7   390.7   423.1   466.7   541.5   805.1  1637.0  2508.7  52515.2    52488
read      291.7   138.7    86.8   141.6   157.0   279.8   326.1   350.7   369.6   392.7   425.5   483.1   655.4  1433.3  3890.5  37004.0    36950
read      275.0    94.6   101.3   161.7   181.3   268.9   298.8   315.3   327.3   341.5   361.7   394.7   503.0  1167.1  2010.3  16760.8    16762
read      700.8  1019.1    93.8   160.8   187.4   329.1   426.0   506.8   618.4  1289.8  1873.5  2930.9  4830.9  8120.4 10173.8  79334.8    79473
read      266.2   129.0    86.8   133.1   145.8   251.3   304.9   330.3   346.8   367.1   393.0   436.2   606.2  1448.9  3561.0  61199.5    61431
read      268.1   164.9    86.8   132.2   145.0   237.6   294.4   324.9   345.9   370.8   403.3   469.1   773.4  1686.4  4398.7  87395.2    87172
read      328.5   300.4    86.8   144.0   160.7   272.4   330.1   364.1   390.6   425.9   480.6   611.3  1661.8  3585.3  7697.5 108221.8   108181
read      269.5   163.8    86.8   133.0   146.0   242.7   299.5   329.2   349.4   373.3   404.8   467.7   687.7  1795.0  6144.4  80407.8    80515
read      270.3    95.3    93.8   148.2   163.3   270.3   308.3   326.5   339.1   353.6   371.3   399.9   470.1   633.9  2598.5  37101.5    37149
read      253.5    64.1    93.8   169.0   187.9   251.0   272.1   284.2   292.4   302.8   316.4   338.4   392.8   791.8  2018.2  13425.5    13444
read      322.1   233.6    86.8   134.4   148.5   267.1   335.6   379.3   418.1   468.3   539.0   669.3  1280.3  2419.9  3790.6  72157.8    72057
read      314.4   213.7    86.8   133.5   146.9   266.0   333.9   375.6   411.3   458.4   522.5   640.5  1156.9  2145.2  3480.3  70113.0    70041
read      341.5   336.9    86.8   138.1   152.5   262.0   325.1   364.7   398.5   454.8   563.0   790.2  1735.9  3883.5  7755.1  90093.5    90162
read      262.8   100.6    86.8   134.8   148.2   256.3   305.8   328.5   343.3   361.2   383.0   418.7   515.7   792.3  1894.8  52058.5    52082
read      265.4    85.3    93.8   153.5   170.5   265.4   294.8   310.8   321.1   334.7   349.4   373.5   436.7   817.2  2494.0  24108.2    24258
read      317.4   249.3    86.8   132.7   146.1   264.2   331.0   372.1   405.7   454.0   519.0   640.5  1289.4  2845.4  7156.0  72029.2    72013
read      301.1   168.4    86.8   134.8   148.7   272.9   332.4   367.3   394.9   431.3   481.6   568.7   825.9  1721.7  3527.8  58008.8    58012
read      291.6   134.5    86.8   137.4   151.4   276.0   328.7   357.4   378.4   403.6   442.7   504.8   691.2  1368.1  2011.2  45517.0    45398
read      294.9   167.3    86.8   134.7   148.7   273.9   329.7   361.3   385.1   414.3   455.4   523.1   723.1  2029.2  4263.7  50128.2    50177
read      292.1   128.2    93.8   143.2   158.7   280.2   327.2   352.0   370.7   394.1   426.7   482.9   636.6  1401.8  3199.8  34530.8    34504
read      307.5   206.9    86.8   132.9   146.2   266.6   331.1   370.1   401.7   446.0   503.2   606.1  1018.8  2098.0  5353.4  65900.0    66010
read      318.9   234.6    86.8   132.7   146.4   264.3   332.4   376.2   415.4   467.3   536.3   663.6  1246.2  2500.5  5303.3  74005.8    73937
read      299.1   180.7    86.8   134.1   147.5   272.8   331.7   365.6   391.8   425.9   470.0   546.5   800.9  2015.1  4942.9  54798.5    55020
read      293.3   150.3    86.8   134.1   147.8   272.0   329.6   362.0   386.7   418.1   460.9   531.6   735.8  1522.8  3177.1  53251.0    53235
read      403.2   491.3    86.8   143.5   161.0   280.7   344.9   388.3   426.6   489.4   634.2  1233.5  2620.6  5466.4  9135.3  97640.0    97743
read      233.0    72.0   109.4   164.5   178.6   229.1   246.4   255.0   262.8   270.6   281.9   299.8   345.1  1203.0  2031.2   5464.5     5419
read      254.9    72.1   101.3   164.0   182.8   254.5   276.5   289.1   297.0   308.7   320.6   342.1   388.8   529.9  3015.4  14763.2    14764
read      248.2   104.0   109.4   169.0   184.6   242.0   262.6   273.2   282.1   292.2   306.5   329.4   397.5  1239.8  4752.9   7475.0     7451
read      308.2   192.6    86.8   137.4   151.7   280.4   340.0   374.5   400.5   434.5   479.4   554.9   823.7  2582.9  4670.8  48065.0    48208
read      269.8   102.1   101.3   160.3   179.2   263.7   292.1   308.3   319.3   333.7   350.3   381.9   490.7  1274.3  3921.1  16242.5    16149
read      306.4   239.2    86.8   133.2   146.6   253.5   315.8   351.8   380.6   421.0   490.4   629.0  1303.7  2635.2  5036.3  79037.0    78989
read      257.2    84.9    93.8   156.8   174.5   256.9   281.9   294.8   305.1   316.3   331.3   352.4   404.3   555.7  3951.4  18984.2    18886
read      262.7   127.9    86.8   131.9   144.5   240.2   297.6   326.3   345.3   368.2   396.9   448.3   631.9  1265.2  3060.4  75868.0    75954
read      265.1    93.7    93.8   139.1   152.5   263.3   307.0   327.5   341.2   357.6   376.7   407.8   493.9   665.6  1856.7  44594.2    44409
read      259.9    79.5   101.3   161.7   180.7   258.9   283.0   295.4   305.4   316.1   331.1   354.0   412.8   760.6  2850.7  16409.2    16431
read      318.5   269.0    86.8   136.5   150.4   256.6   318.4   355.5   386.8   433.2   519.6   692.3  1438.2  2981.3  7064.6  85522.2    85707
read      264.8   133.3    86.8   134.0   147.0   253.0   306.1   330.8   346.7   366.5   390.9   429.9   544.8   888.7  5706.0  58120.2    58253
read      305.7   241.4    86.8   140.7   155.7   259.6   314.8   345.8   370.0   400.5   449.8   573.8  1299.7  2867.8  5807.6 103879.8   103867
read      262.7    81.1    93.8   156.0   173.8   263.5   290.6   305.0   315.0   326.8   342.0   366.6   422.0   538.0  2260.4  21639.0    21604
read      278.7   180.8    86.8   135.9   149.5   246.1   302.3   332.9   354.7   380.9   418.7   499.5   844.0  1904.7  5015.3  90239.5    90401
read      266.0   134.6    86.8   132.4   145.3   239.0   296.3   326.3   346.5   370.9   402.1   465.2   716.7  1435.0  2748.2  84461.8    84467
read      281.3   171.9    86.8   137.3   151.0   247.6   301.8   331.6   353.2   379.5   417.8   505.7   930.4  1866.9  3503.1  99779.2    99700
read      268.5    92.9    93.8   147.3   162.8   269.2   304.6   321.8   334.2   346.6   365.8   393.9   464.7   713.3  3027.3  32139.0    32052
read      260.9    70.3    93.8   160.6   178.9   260.7   286.0   299.3   309.7   320.1   336.1   359.3   411.8   628.2  1487.4  18158.5    18173
read      317.0   243.0    86.8   133.3   147.0   268.3   334.5   374.7   408.9   456.4   520.6   637.7  1131.9  2754.7  7371.5  67543.2    67789
read      299.1   147.6    86.8   136.0   150.0   276.7   335.1   369.0   395.1   428.6   471.5   544.8   748.7  1513.3  2178.2  51945.2    51929
read      336.5   291.9    86.8   139.4   154.1   267.4   332.4   372.3   406.4   461.5   557.3   743.0  1646.2  3084.0  7198.6  83730.0    83850
read      262.8    72.1   101.3   159.8   178.4   262.4   288.2   301.9   312.2   323.3   339.5   364.5   425.6   642.4  2159.4  18738.0    18614
read      267.3    90.2    93.8   149.8   165.2   267.9   300.8   317.3   329.3   342.3   360.4   387.7   453.7   683.9  2393.4  29303.2    29315
read      473.4   610.4    86.8   158.7   181.7   320.5   396.6   446.4   486.3   540.0   641.2  1529.4  3454.5  6985.5  8598.4 108103.5   108090
read      266.2    90.8    93.8   152.1   168.2   266.6   297.5   313.6   324.3   337.4   353.1   377.7   440.4   826.1  3553.7  27182.2    27024
read      264.9   119.0    86.8   135.6   149.0   258.6   306.4   328.7   343.3   361.0   382.5   417.6   519.5   969.9  4239.9  49586.0    49907
read      252.9   109.3   109.4   168.1   184.8   245.2   267.0   278.8   288.3   297.9   314.3   339.9   429.4  1368.4  4296.1   9053.8     9150
read      293.0   179.3    93.8   147.3   163.2   282.7   325.6   346.9   363.8   383.3   409.2   461.9   632.1  1631.8  8199.8  34301.0    34328
read      338.6   190.7    93.8   141.3   157.7   299.6   374.2   424.8   463.6   512.0   573.9   665.5   897.0  1380.0  4247.6  51897.2    51881
read      265.0    87.1   101.3   165.9   185.0   261.2   286.6   300.1   310.6   321.1   338.3   363.9   438.6  1155.6  3120.9  14645.5    14569
read      297.9   194.6    86.8   136.4   150.2   255.8   316.0   349.9   376.5   413.9   474.5   597.9   992.1  2108.4  3750.9  81365.2    81517
read      271.5   151.4    86.8   134.2   147.3   243.8   301.4   331.3   351.6   375.5   407.9   471.2   747.3  1709.6  3473.4  78846.8    78694
read      273.8   149.4    86.8   135.3   148.8   242.7   297.1   327.5   348.8   374.7   410.9   488.8   857.5  1584.9  2445.4  92920.8    93409
read      274.5   104.0    93.8   145.6   160.6   271.7   313.1   333.0   345.9   362.9   383.6   417.8   518.8  1007.8  2517.3  38978.0    39093
read      264.9    84.1    93.8   162.9   181.1   264.3   290.3   304.2   314.0   325.1   339.8   363.2   417.1   796.3  2354.2  18722.0    18729
read      304.9   182.0    86.8   136.8   150.5   267.4   330.5   368.1   398.4   440.7   498.5   594.9   928.4  1837.0  2926.8  70678.8    70818
read      277.4    88.0    93.8   158.0   175.9   274.1   306.1   322.6   335.4   348.9   369.2   401.4   508.3   983.0  1965.2  21988.2    21942
read      369.9   385.2    86.8   142.1   158.4   276.3   341.9   384.9   423.5   487.0   625.4   900.3  2020.9  4243.5  7959.3  91916.8    91810
read      269.9   111.0    93.8   143.3   157.9   267.4   307.5   326.7   339.8   355.5   374.3   407.4   512.6   955.2  3275.5  39580.8    39588
read      272.9   104.8    93.8   143.8   158.3   269.6   311.8   332.2   345.3   362.2   382.8   417.6   529.1  1149.9  1963.4  40877.8    40957
read      319.0   220.8    86.8   137.3   150.9   272.8   338.9   380.1   414.1   458.8   518.3   630.4  1185.0  2189.8  6293.4  62755.5    62645
read      273.3   121.9   101.3   165.2   184.9   264.9   292.6   308.5   319.4   334.3   352.4   385.1   518.7  1311.8  5651.4  15604.5    15539
read      524.8   617.5    86.8   179.0   208.6   368.7   458.1   515.0   563.1   631.0   768.3  1578.0  3483.3  7176.8  8353.7 107674.8   107672
read      269.9    95.8    93.8   148.2   163.2   269.9   305.7   323.1   335.7   349.1   368.1   397.6   479.0   675.5  2271.3  32966.5    32954
read      267.4   118.2    86.8   134.6   147.8   253.7   307.4   333.2   350.3   370.1   396.1   437.9   591.5  1208.9  2108.5  58791.5    58866
read      284.3   120.4    93.8   156.0   173.3   276.3   312.6   332.2   345.4   363.1   385.4   425.6   565.0  1384.6  2672.2  23704.0    23739
read      314.4   196.1    93.8   138.7   152.7   280.5   342.7   380.5   410.3   451.0   502.8   589.0   940.7  2053.0  4950.3  54704.8    54701
read      343.3   248.0    93.8   143.7   159.1   290.5   360.4   406.5   449.1   501.0   570.6   690.6  1270.1  2507.0  6927.1  60739.0    60706
read      331.9   298.6    86.8   139.4   153.7   269.9   332.8   369.5   399.7   447.4   533.0   695.9  1518.7  3667.3  7623.8  72340.0    72350
read      274.1   113.5    86.8   138.6   152.0   261.2   314.6   340.4   358.4   378.5   403.8   454.4   602.2  1040.9  1956.6  58779.8    58661
read      280.4    98.2    86.8   152.1   167.6   280.3   318.5   337.3   349.9   365.8   386.0   418.6   506.5   722.0  3299.3  34902.2    34912
read      348.7   331.1    86.8   148.2   165.5   285.4   345.4   382.5   411.6   453.1   519.3   670.3  1820.9  3663.0  7854.6 103165.5   103268
read      269.9   100.1    93.8   144.4   159.3   268.8   308.6   327.9   340.8   356.4   374.6   405.2   490.7   728.4  2708.0  38645.5    38703
read      270.4   155.5    86.8   133.4   146.5   241.2   297.9   328.3   349.3   373.6   406.2   473.0   760.7  1713.2  4497.4  83578.0    83358
read      265.3   107.5    86.8   135.4   148.6   254.6   307.3   332.3   348.5   368.1   393.0   432.5   542.2   794.0  2711.5  57250.5    57408
read      282.0   168.4    93.8   136.9   150.5   249.8   305.8   335.9   357.7   384.0   421.9   505.0   885.4  1889.2  3241.2  86624.8    86837
read      272.1    92.5    93.8   148.8   163.9   272.4   308.7   326.7   339.3   354.2   372.6   402.1   471.4   658.3  2540.2  33362.5    33517
read      264.7   120.0    86.8   133.5   146.3   246.4   302.7   330.3   348.5   370.0   397.8   446.4   603.0  1071.9  2122.8  66180.8    66204
read      266.1   152.5    86.8   132.2   144.9   242.5   299.5   328.6   347.8   371.0   400.8   459.1   658.2  1338.6  4227.8  73801.5    73758
read      295.7   230.3    86.8   138.8   153.0   252.4   307.7   338.7   361.8   389.8   430.6   522.7  1304.2  2654.5  7287.6  99773.5    99742
read      317.6   280.7    86.8   144.6   161.1   267.5   321.5   353.4   377.4   408.6   458.1   566.5  1540.9  3371.7  7736.1 109384.0   109462
read      287.2   189.4    86.8   138.0   152.0   250.7   305.1   335.6   357.7   384.8   424.7   515.5  1039.5  2202.0  3951.7  94389.8    94453
read      271.9    95.6    86.8   143.9   158.6   268.0   312.4   334.0   348.1   365.8   387.9   423.5   512.2   711.9  1480.0  44257.5    44096
read      302.4   236.6    86.8   139.9   154.9   257.5   312.8   343.9   367.7   397.2   443.0   555.4  1275.5  2799.3  7042.1 100693.0   100467
read      248.4    77.2   101.3   170.6   188.0   243.9   264.0   274.2   283.3   293.1   307.2   329.4   395.1  1165.2  3195.1   8659.8     8576
read      266.5   114.7    86.8   134.7   147.7   253.5   306.4   331.6   348.3   368.5   394.7   439.2   587.5  1052.9  2871.4  59104.5    59359
read      250.3    85.0   109.4   172.3   188.0   243.4   264.9   275.7   285.8   295.8   311.4   335.1   407.0  1154.4  2034.9   7563.5     7614
read      316.3   212.6    86.8   137.7   151.3   274.7   338.4   377.7   410.8   454.9   512.1   613.6  1067.8  2379.0  5063.7  60243.2    60329
read      296.0   136.7    86.8   141.3   155.8   279.2   332.4   362.4   384.7   412.1   451.2   512.2   683.6  1322.8  3188.2  43878.5    43762
read      328.1   248.6    93.8   138.0   151.7   273.2   341.1   385.8   424.1   474.2   541.8   658.8  1337.3  2760.1  5892.1  67041.2    67038
read      287.9   120.5    93.8   155.2   172.2   280.0   318.2   338.8   353.5   370.9   395.5   439.3   581.4  1237.0  3210.6  26124.2    26095
read      348.0   319.0    86.8   138.2   152.5   275.0   345.2   394.9   439.3   497.2   576.1   737.7  1651.2  3668.3  7756.1  70830.8    71173
read      518.0   574.0    93.8   180.4   210.4   365.6   459.8   522.4   570.7   634.0   760.6  1582.5  3411.6  5911.5  8090.0 109457.5   109276
read      262.5   168.2   101.3   168.7   187.8   255.1   277.5   290.5   299.1   311.0   324.6   348.0   427.0  1682.2  7921.6  13118.8    13150
read      266.3   119.7    86.8   133.6   146.7   250.2   305.1   331.7   349.2   369.4   395.7   442.5   607.2  1182.1  2114.4  61204.0    61250
read      297.6   216.1    86.8   134.0   147.8   250.7   312.2   346.6   373.9   411.7   475.7   604.8  1052.5  2619.8  5256.2  84501.8    84472
read      266.1   133.5    86.8   132.0   144.8   238.0   296.1   326.5   347.1   372.0   404.1   470.3   725.2  1429.2  2349.8  82298.0    82226
read      269.5    79.4    93.8   153.0   169.1   270.2   302.3   318.5   330.4   342.9   361.0   388.4   456.5   661.5  1909.0  27708.5    27671
read      296.4   230.1    86.8   138.4   152.6   252.9   308.5   339.5   362.7   391.4   433.6   539.9  1248.7  2631.4  7054.5  98490.0    98736
read      313.1   251.4    86.8   141.8   157.7   265.1   321.0   353.4   377.6   408.6   459.2   578.9  1413.8  2954.1  7123.7 106410.5   106314
read      292.9   204.8    80.4   138.9   153.4   252.6   307.0   337.4   360.2   388.3   428.9   526.6  1206.2  2323.9  3751.1 104898.8   105027
read      277.1   175.5    86.8   134.5   148.2   242.4   297.1   327.7   349.1   375.3   412.7   495.2   931.3  1969.0  4041.1  96603.5    96867
read      266.5   140.6    86.8   131.9   144.8   237.4   294.0   324.2   345.2   370.4   403.7   471.9   767.6  1369.8  2569.5  89552.2    89493
read      264.6   112.1    86.8   135.4   148.7   258.4   307.2   330.2   345.1   363.2   385.4   421.7   517.3   770.4  2540.7  50661.0    50538
read      263.7    74.2    93.8   156.2   173.5   265.1   292.9   307.7   317.4   329.9   343.9   368.1   423.6   550.4  1892.6  22278.2    22083
read      284.1   151.3    86.8   136.2   150.0   270.3   323.1   350.1   370.0   394.2   427.1   479.4   614.1  1681.2  4376.7  48764.0    48618
read      374.1   425.3    86.8   141.3   157.4   274.2   337.2   377.8   414.0   470.2   580.1   931.8  2355.1  4255.1  8029.0  94280.8    94298
read      264.6   118.5    93.8   132.8   145.7   250.1   304.6   330.9   348.6   369.9   396.9   443.2   577.5   867.0  2803.3  63545.0    63579
read      266.6   130.3    86.8   132.8   145.6   249.3   304.5   331.3   348.9   370.0   398.0   448.8   617.7  1215.5  3592.2  64562.8    64573
read      265.0   131.0    86.8   131.7   144.4   240.6   298.4   327.7   347.3   371.1   401.4   460.2   670.1  1300.4  2698.4  77079.2    77178
read      270.7    99.1    93.8   150.0   166.0   270.3   303.9   320.6   333.3   346.2   365.4   394.7   468.5   766.1  3933.9  29783.2    29824
read      267.3   121.9    86.8   132.6   145.5   249.7   305.6   332.6   350.7   371.7   399.5   453.1   635.4  1227.2  1901.3  64700.5    64495
read      262.5    85.5    93.8   155.3   173.3   261.7   288.6   303.0   313.2   324.7   340.6   366.2   431.2   868.9  3040.8  20982.5    20917
read      280.6   185.2    86.8   135.0   148.7   246.5   303.4   333.5   355.1   381.2   419.3   502.1   886.7  2341.9  4640.9  85572.2    85651
read      265.5   121.9    86.8   133.1   146.1   250.6   305.3   331.3   348.3   368.8   394.8   437.6   597.6  1085.5  3355.4  61776.8    61935
read      270.8   111.8    80.4   137.4   150.7   262.6   311.2   334.4   350.0   368.8   393.7   435.7   579.4   937.7  2341.9  50481.2    50216
read      315.9   223.2    86.8   137.0   151.2   271.3   334.3   372.4   403.5   448.3   512.8   625.7  1110.8  2528.2  5024.6  72309.0    72251
read      296.9   169.6    86.8   133.7   147.4   262.7   326.0   362.5   391.4   429.6   483.6   572.0   862.3  1763.2  2826.5  71873.2    71798
read      271.7    96.4    93.8   157.4   175.4   268.5   298.4   314.7   326.1   339.7   357.8   387.5   469.5  1103.8  3810.5  19664.0    19701
read      285.2    92.1    86.8   156.5   174.2   282.9   318.5   337.1   349.6   366.0   386.9   422.0   521.5  1032.8  2138.5  25019.5    24952
read      683.8   939.1    86.8   167.4   194.6   336.7   434.2   527.7   646.3  1214.7  1811.9  2779.4  4420.4  7908.3  9855.8  81725.8    81838
read      281.0   150.8    93.8   154.3   171.7   275.3   307.4   323.8   336.6   351.0   371.6   407.7   565.6  1380.7  7747.8  26490.8    26648
read      274.4    92.1   101.3   156.5   174.2   272.5   303.2   319.1   331.1   343.8   363.1   394.9   494.5   909.9  2391.9  24787.8    24837
read      306.6   186.0    93.8   151.9   168.5   287.1   330.6   354.0   371.2   394.0   427.5   493.9   906.1  2044.9  7368.6  29504.2    29420
read      509.0   608.7    86.8   166.9   194.1   347.9   433.6   494.3   542.5   608.3   741.5  1637.5  3427.3  6721.2  8105.6 103567.0   103882
read      274.0   129.1    86.8   136.6   149.8   252.5   309.2   337.7   357.7   381.0   412.7   470.1   682.2  1287.3  2373.0  70470.2    70314
read      269.2   139.3    86.8   135.4   148.3   252.9   307.0   333.3   351.1   371.5   398.4   446.0   605.6  1422.8  4896.5  61530.5    61679
read      270.1   115.2    93.8   138.8   152.1   262.8   310.6   333.4   348.5   366.6   389.9   429.4   551.5  1013.8  3298.8  49766.8    49557
read      288.1   117.9   101.3   162.6   181.8   278.0   311.3   329.5   342.3   359.3   382.0   427.6   614.9  1457.4  3065.9  19236.2    19325
read      263.1    85.4   101.3   173.6   191.0   255.5   279.0   292.5   302.5   314.7   331.1   358.9   479.0  1270.4  1988.2   9112.2     9128
read      767.8   986.2    93.8   201.9   231.7   393.5   522.0   613.7   735.8  1459.6  1985.0  3034.8  4523.6  7889.7  9280.6  94744.0    94933
read      276.1   183.5    93.8   153.3   169.8   265.4   297.2   314.9   327.6   342.5   364.9   403.9   587.3  2039.6  7955.4  24474.5    24327
read      281.6   158.6    86.8   136.0   149.3   254.4   309.9   338.3   358.7   383.1   418.1   498.5   863.7  1814.0  2839.8  71725.2    71896
read      308.3   254.3    86.8   140.2   155.1   261.1   316.5   347.7   372.2   402.8   453.0   574.8  1337.9  3365.6  7222.7  93566.5    93771
read      265.6    85.8    93.8   157.1   176.6   260.4   287.5   303.0   314.5   328.6   346.3   382.1   496.6   870.0  1861.9  20430.0    20452
read      275.9   118.2    93.8   142.2   156.9   270.0   310.6   331.0   344.8   363.0   387.1   432.7   591.7  1156.9  4153.9  42394.0    42338
read      332.8   328.5    86.8   138.7   153.3   269.0   330.6   367.6   399.2   447.2   526.3   677.8  1587.8  4310.8  8169.4  72559.2    72627
read      280.0   165.0    86.8   136.5   150.3   251.3   306.4   336.0   357.6   384.1   422.9   504.2   799.1  1674.5  4118.2  80356.2    80603
read      285.0   136.5    86.8   140.9   155.9   271.6   316.4   339.9   357.5   378.7   411.0   478.5   699.2  1323.5  3584.0  49159.2    49049
read      305.8   218.6    86.8   141.3   156.6   264.2   319.6   350.7   374.2   404.8   455.2   576.4  1199.5  2515.0  5599.0  92310.2    92305
read      280.1   128.4    86.8   139.6   153.4   267.0   316.8   341.4   359.3   379.9   407.5   465.0   669.1  1277.6  2252.2  56811.2    56889
read      278.6   167.2    93.8   136.3   149.5   249.9   306.3   335.4   356.1   380.8   415.6   489.2   796.8  2022.1  4018.5  77940.2    78036
read      273.4   137.6    86.8   135.5   148.8   249.8   306.4   334.8   354.4   376.7   407.6   470.0   734.1  1514.8  2815.5  71487.5    71583
read      274.9   150.5    86.8   135.1   148.4   250.0   306.1   334.9   355.2   378.9   412.0   479.4   746.4  1496.0  4347.2  72695.5    72609
read      338.7   326.3    86.8   147.8   164.8   279.1   337.0   370.8   397.7   433.5   491.3   619.9  1859.3  3759.7  7863.8 107261.5   107382
read      294.0   176.7    86.8   139.1   153.5   259.2   314.8   345.3   369.1   399.3   449.4   560.4   941.2  1790.9  3849.9  86537.2    86530
read      267.5    82.2    93.8   165.4   185.3   264.3   290.0   304.5   314.8   327.2   343.1   371.0   455.0   706.2  2945.0  16616.0    16550
read      284.7   161.1    93.8   138.1   151.7   253.7   308.9   338.8   361.1   388.4   428.9   525.1   870.0  1706.7  2729.9  84522.5    84534
read      288.1   170.0    86.8   139.3   153.2   261.6   317.0   345.8   367.3   393.4   431.3   516.3   787.0  2020.8  5512.0  72667.0    72631
read      277.6   112.4    86.8   140.6   154.8   269.3   315.9   339.3   355.9   374.2   401.2   454.0   603.9   954.4  1873.8  49449.0    49291
read      290.3   151.3    93.8   140.1   154.3   267.6   321.0   349.1   369.5   394.3   430.8   516.2   808.5  1561.0  3115.3  62321.5    62175
read      300.6   199.1    93.8   140.3   155.0   263.4   319.5   350.6   373.7   402.7   450.0   569.5  1042.6  2286.1  4249.8  80193.5    80213
read      279.6   123.2    93.8   166.2   187.5   269.0   295.8   311.8   322.6   337.9   358.7   400.2   617.6  1521.4  4025.1  16541.2    16566
read      286.8   144.7    93.8   140.9   155.4   270.9   320.4   344.8   362.9   384.4   415.5   487.1   739.0  1440.9  4028.4  53932.0    53985
read      526.9   623.4    93.8   171.1   199.8   364.4   456.4   519.2   570.9   640.1   786.4  1613.7  3492.9  7031.0  8743.9 102137.0   101949
read      281.1    96.9   101.3   158.9   177.4   276.2   307.2   323.7   336.4   350.3   370.3   404.3   570.2  1172.8  2334.9  24061.0    24076
read      277.6   135.9    93.8   139.5   153.2   265.9   315.5   339.5   356.3   374.5   400.6   450.0   635.8  1413.7  3449.5  52393.5    52574
read      528.3   603.3    86.8   177.4   207.4   372.2   462.8   521.4   569.6   636.7   786.1  1643.2  3416.8  6948.1  8925.8 106147.0   106271
read      339.4   307.0    86.8   149.0   166.3   281.5   339.9   374.7   402.5   440.7   502.2   643.8  1642.3  3468.8  7966.4 105095.5   105451
read      284.7   160.5    86.8   139.2   153.3   253.5   309.0   339.3   361.4   388.3   427.1   514.2   856.7  1890.0  2917.2  86123.2    86087
read      282.2   103.6   101.3   156.9   174.2   278.0   311.6   329.0   341.2   356.5   374.8   413.0   564.5  1256.4  2356.3  29142.5    29108
read      325.0   278.4    86.8   145.5   162.1   272.2   328.7   362.1   387.7   421.8   475.9   615.9  1540.3  3140.3  7710.8 101121.8   101115
read      273.5   134.1    86.8   136.1   149.3   250.2   306.5   335.4   355.8   379.6   412.2   477.1   695.2  1388.0  2323.9  74279.8    74326
read      285.9   160.5    86.8   138.0   151.6   257.8   314.1   343.4   364.9   390.9   428.5   515.3   842.9  1775.5  3983.4  75848.8    75832
read      332.9   255.4    86.8   146.8   163.9   280.8   339.4   373.5   400.9   438.6   505.6   672.9  1394.3  2828.9  6117.4  95067.8    94901
read      281.3   153.2   101.3   163.2   183.5   261.6   288.5   304.3   316.1   332.4   356.6   415.8   854.2  2281.8  3821.7  15786.5    15809
read      284.1   121.4    93.8   152.8   170.3   276.3   310.5   328.5   341.5   358.4   380.5   425.8   638.0  1608.8  2683.2  28924.5    28874
read      328.0   201.8    93.8   142.8   158.5   289.7   351.1   390.3   422.3   463.9   527.4   637.2  1040.2  1986.7  3939.4  52054.8    51882
read      315.2   157.9    93.8   151.5   169.1   293.0   339.3   366.6   387.7   414.5   457.1   549.2   908.6  1761.6  3131.4  32628.2    32653
read      311.8   166.1    93.8   145.6   161.5   288.4   342.2   373.2   397.4   428.7   470.7   553.4   831.5  1693.0  3822.1  41636.5    41676
read      343.7   256.7    86.8   140.7   155.5   284.1   352.6   399.5   441.4   495.2   572.7   725.3  1416.2  2524.8  5937.4  63009.5    63019
read      542.6   645.4    93.8   180.5   209.9   373.0   463.3   525.1   576.6   650.5   808.2  1685.9  3526.3  7208.0  8762.1  99554.0    99164
read      280.5   118.3    86.8   143.5   157.9   272.8   319.7   341.9   358.2   376.1   401.2   448.1   587.8  1306.4  2662.2  47082.5    47055
read      289.7   166.4    93.8   139.0   153.3   266.6   319.6   346.8   367.3   392.1   428.0   511.4   812.4  1719.7  5125.2  62551.0    62394
read      306.0   229.6    86.8   142.1   157.2   262.5   317.8   349.1   372.6   402.5   451.7   568.6  1241.6  2873.1  5074.9  98542.8    98519
read      272.8    96.9    93.8   148.5   164.1   271.6   306.8   324.3   337.2   351.6   371.1   403.1   510.5   858.1  1930.3  32352.0    32122
read      298.5   211.8    86.8   142.3   157.3   276.1   323.2   347.0   365.5   387.9   421.6   504.2   898.4  2700.9  6612.0  49164.0    49464
read      307.5   143.3   101.3   157.8   177.4   287.8   328.4   351.6   369.8   394.3   432.7   517.2   799.0  1676.8  3871.6  24105.0    24034
read      413.1   420.0    86.8   146.2   164.5   300.9   374.9   433.2   493.7   589.4   737.9  1066.5  2247.1  4508.5  7739.4  77205.0    77363
read      307.3   227.9    86.8   140.1   155.2   262.4   318.7   350.5   374.4   405.3   458.5   597.1  1245.7  2556.9  5007.6  91779.0    91698
read      277.1    97.3    86.8   144.5   159.7   274.3   315.7   336.0   349.6   366.6   389.1   427.9   556.1   853.2  1654.0  38909.8    38997
read      292.1   190.4    86.8   138.9   152.8   255.1   311.7   342.3   365.4   393.7   435.0   538.7  1012.3  2320.4  3684.8  86099.0    86028
read      287.4   191.3    86.8   137.8   151.6   253.6   310.3   340.3   362.4   389.1   428.3   516.9   920.8  2161.0  5363.0  82872.8    83012
read      261.4    84.0    93.8   162.2   181.7   257.0   280.8   293.9   304.3   316.5   333.8   363.0   459.5  1094.5  2990.1  15059.2    15024
read      276.4   170.1    86.8   138.0   151.1   261.4   313.0   338.2   356.0   376.6   403.4   457.5   646.4  1326.3  7629.6  56726.2    56640
read      508.2   641.6    93.8   161.0   186.2   341.3   424.8   488.1   542.9   616.2   741.8  1636.0  3572.4  6956.7  9379.8  97607.0    97362
read      344.8   314.5    86.8   150.3   168.5   287.1   345.6   382.2   411.2   451.4   512.6   643.4  1631.5  3936.6  7886.6 107598.0   107412
read      276.3   131.8    86.8   136.6   149.8   256.5   311.0   338.5   357.8   380.3   411.4   473.8   714.1  1377.1  3071.4  65215.5    65030
read      297.9   191.4    86.8   139.1   153.5   261.9   318.5   349.2   372.1   401.1   448.1   565.6  1005.4  2164.4  3779.7  79279.0    79278
read      274.4   105.1    86.8   140.7   154.8   268.0   313.8   335.8   350.6   368.7   393.4   436.7   583.7   977.3  1732.1  47462.8    47544
read      319.8   271.7    86.8   145.3   161.5   268.3   323.7   356.3   380.9   412.8   462.7   582.4  1583.3  3178.2  7510.8 105352.0   105368
read      272.1   124.2    86.8   137.8   150.7   259.1   311.1   335.9   352.9   372.4   398.9   449.2   615.6  1173.6  2748.8  58314.5    58181
read      269.7   116.0    86.8   137.2   150.0   257.9   309.3   333.8   350.2   369.4   394.8   437.4   607.6  1147.2  2368.4  56970.8    56960
read      281.6   126.7   101.3   167.5   188.0   270.3   299.9   316.7   329.1   343.0   363.9   400.6   597.7  1644.8  4950.3  14852.5    14849
read      345.4   277.1    93.8   141.3   156.2   284.2   353.0   399.4   441.4   496.2   570.8   712.4  1489.3  2909.1  7557.5  63325.2    63672
read      316.5   178.4    93.8   142.5   157.5   287.7   344.4   379.0   405.4   443.1   493.5   585.9   924.8  1873.4  3270.0  48172.8    48289
read      273.3   107.4   109.4   171.8   191.2   264.2   290.6   305.3   315.7   328.9   345.5   379.7   530.1  1313.5  3054.8  11852.2    11797
read      269.6   100.8   101.3   172.3   191.4   261.5   286.4   300.1   311.3   323.4   341.3   372.0   509.9  1300.0  4128.9  10739.5    10781
read      362.6   231.6    86.8   145.1   162.5   311.9   396.1   452.6   493.8   543.5   607.7   711.1  1117.1  2386.2  5034.0  49381.0    49362
read      508.5   645.2    86.8   164.2   190.1   342.4   426.6   486.5   536.1   602.1   726.5  1627.9  3571.0  7337.5  8630.8 102150.5   102119
read      269.8    99.1    93.8   140.1   154.0   265.8   310.2   331.4   345.3   363.2   385.6   424.0   535.1   834.4  1989.1  46325.0    46213
read      297.3   233.0    86.8   139.4   153.6   254.1   309.3   339.9   362.9   391.5   433.8   537.6  1258.0  2716.4  7266.3  96759.0    97025
read      267.1   112.1   101.3   162.5   181.4   264.8   291.0   305.4   315.3   327.2   342.2   367.5   437.3   885.3  3863.2  18455.8    18351
read      271.3   106.9    93.8   159.3   177.9   268.6   296.3   311.6   321.4   335.3   351.2   380.2   465.0  1203.0  4699.5  21411.5    21426
read      319.3   170.3    93.8   145.3   161.2   291.2   349.0   384.7   412.5   449.9   500.1   587.2   842.9  1844.6  3423.9  43146.0    43013
read      373.7   318.1    86.8   145.6   162.2   296.3   370.9   427.0   475.4   540.7   628.9   825.8  1724.7  3379.2  7619.3  67509.2    67376
read      340.3   254.7    93.8   150.7   168.2   295.6   348.6   381.9   407.8   446.6   508.7   656.1  1303.5  3096.9  7133.5  36107.5    36043
read      250.7    91.1   109.4   167.2   183.6   243.9   265.5   276.6   286.8   297.0   314.0   339.7   434.1  1236.5  3114.5   6228.8     6255
read      514.7   651.3    86.8   165.7   192.1   343.4   430.8   492.2   540.8   605.4   734.3  1662.1  3584.7  7239.2  8122.1 101862.2   102499
read      272.5   106.2    93.8   154.0   170.9   270.6   302.4   318.2   330.4   343.5   362.8   393.0   482.1   886.6  2900.7  26226.2    26263
read      271.1   122.9    80.4   136.4   149.5   257.7   310.1   335.3   352.3   371.7   397.2   443.3   616.1  1504.5  2607.0  56964.0    56974
read      320.3   190.6    86.8   145.5   161.5   292.2   346.4   379.6   404.4   439.3   487.7   579.1   929.5  2140.1  4710.6  41094.5    40869
read      310.9   163.9    86.8   141.4   156.3   285.2   342.5   376.3   402.0   437.3   484.9   569.7   845.1  1720.5  2851.2  46386.8    46514
read      268.1   102.6   109.4   169.8   188.9   260.3   286.1   300.2   311.6   323.8   340.8   369.7   478.6  1239.3  4912.5  11424.8    11431
read      331.6   244.9    93.8   139.2   153.5   280.5   345.4   388.1   423.7   469.0   534.1   658.9  1358.9  2607.7  5082.6  58416.5    58600
read      353.1   328.4    86.8   139.7   154.2   278.8   349.1   399.3   445.3   503.6   582.2   741.0  1731.5  3637.7  7892.7  68240.5    68058
read      314.3   191.6    86.8   139.2   153.1   280.0   343.1   381.4   412.3   452.5   504.8   593.6   935.0  1876.9  5094.8  54301.5    54502
read      336.3   271.0    86.8   139.0   153.0   278.9   346.8   392.4   432.0   482.7   550.3   683.6  1352.2  3291.6  7166.9  64005.2    64022
read      313.6   189.6    93.8   139.5   153.6   282.1   342.9   379.6   408.6   447.6   497.8   583.7   904.6  2126.7  4912.2  52123.0    52142
read      507.7   639.3    93.8   162.8   188.6   339.8   427.2   487.6   535.2   596.2   726.2  1674.2  3513.6  6984.2  8519.5 101436.0   101375
read      270.6   104.1    93.8   143.0   157.3   268.1   309.3   329.4   342.8   359.3   379.0   412.2   502.5   870.4  3183.3  40658.0    40606
read      271.1   119.5    86.8   139.9   153.5   265.5   311.3   333.2   347.5   365.8   389.0   428.1   545.0   867.3  3692.3  47367.2    47485
read      314.5   222.5    93.8   141.5   156.3   284.8   340.5   372.8   398.4   433.0   480.8   571.4   915.1  2362.8  8688.0  48927.0    48977
read      292.7   136.0    93.8   141.7   156.4   278.3   327.2   353.6   372.8   397.1   431.3   490.8   717.1  1452.7  2403.4  38909.5    38615
read      332.5   311.2    86.8   138.5   152.6   264.8   328.0   366.3   398.5   448.7   533.5   711.4  1645.7  3591.4  7714.7  80119.2    80279
read      270.8   132.9    86.8   134.6   147.6   247.2   304.9   334.3   354.7   378.7   410.7   471.2   685.1  1201.4  2791.8  76099.0    75843
read      264.1   120.2    86.8   133.3   146.2   246.9   302.7   330.5   348.7   369.9   397.2   445.2   589.2   935.3  3275.1  67084.5    67095
read      268.2   114.5    86.8   141.2   155.4   266.6   308.5   328.6   341.7   357.7   376.1   407.1   491.0   730.3  5166.8  41351.0    41325
read      266.5   129.1    86.8   134.8   148.2   254.7   306.7   331.1   346.9   366.3   390.8   431.9   555.7  1277.4  4060.7  55997.2    55752
read      342.2   344.3    86.8   138.7   153.3   265.4   328.6   367.6   400.8   457.1   559.3   764.2  1756.3  4190.4  7813.4  85579.8    85561
read      259.3   176.1    93.8   164.4   184.1   254.8   277.2   290.1   298.6   310.7   324.2   346.0   406.3   946.1 10794.7  14198.0    14194
read      277.5   187.0    86.8   134.4   147.6   241.9   298.0   328.0   348.7   374.2   410.1   490.4   937.9  2327.8  3757.9  87915.0    88002
read      292.4   207.8    86.8   138.5   152.3   254.0   310.3   340.8   363.7   391.8   432.3   530.7  1055.0  2474.6  4951.8  90159.2    90515
read      329.2   294.3    86.8   146.7   163.5   274.6   331.4   364.8   390.8   425.4   479.0   605.6  1631.3  3412.7  7750.0 109313.8   109283
read      269.1    82.2    93.8   153.2   170.3   269.2   300.5   316.6   328.3   341.3   359.1   386.4   459.2   754.8  1575.3  26734.2    26699
read      273.6    91.0    86.8   149.1   164.5   272.9   310.6   329.1   341.6   357.4   376.0   408.8   499.9   712.5  2020.9  37373.2    37400
read      284.3   118.3    93.8   163.2   183.1   276.8   309.3   326.9   340.1   356.1   376.2   416.4   544.9  1263.6  2178.3  19471.2    19307
read      267.6    84.9   109.4   171.7   190.7   261.0   285.5   299.2   310.5   322.1   339.6   368.1   468.4  1259.7  2269.5  11508.8    11527
read      787.6  1041.5    93.8   192.2   222.4   378.4   498.2   591.9   803.1  1562.5  2255.8  3154.4  4818.4  7921.7  9466.1  83698.8    83787
read      270.1   108.6    93.8   155.1   172.6   265.1   293.8   310.1   320.8   335.4   352.7   383.9   542.4  1320.4  3328.6  22203.8    22209
read      271.4   131.9    86.8   134.7   147.9   247.7   304.8   333.9   354.0   377.3   408.3   469.6   701.9  1377.0  2478.0  75209.0    75169
read      265.4   123.8    80.4   132.7   145.5   243.7   300.5   329.1   348.2   371.0   400.4   457.1   650.0  1138.0  2583.4  73925.8    73833
read      284.8   197.7    86.8   136.8   150.4   246.7   301.6   332.0   354.1   380.9   419.7   507.3  1075.1  2407.0  3543.4  94673.2    94641
read      266.6   135.0    93.8   134.1   147.0   251.6   305.1   330.8   347.7   367.9   393.8   437.3   590.9  1296.8  4283.2  61132.5    61338
read      277.3   169.1    86.8   135.5   149.2   243.5   299.0   329.2   350.6   376.3   412.6   493.4   920.9  1829.4  3790.7  91814.5    91825
read      265.1   126.1    86.8   133.1   145.9   241.8   298.6   327.8   347.2   370.7   401.3   460.8   652.9  1184.6  2354.9  76935.8    77235
read      270.0   151.2    93.8   142.9   157.7   268.1   306.5   324.7   337.4   351.8   371.0   401.7   491.1   939.5  8037.9  37099.5    37257
read      270.1    86.2    93.8   147.9   163.2   270.8   305.6   322.4   335.0   348.0   366.8   395.7   478.9   917.4  1543.7  32086.2    32057
read      516.3   656.1    86.8   178.5   206.6   356.4   439.1   490.4   531.2   585.6   685.0  1543.4  3587.5  7379.8  8138.4 108616.8   108618
read      277.9   152.2    86.8   135.7   149.3   253.3   310.3   339.2   359.8   384.3   418.7   488.9   733.3  1512.7  4744.3  73086.0    72930
read      267.2   111.5    93.8   139.7   153.6   264.2   307.6   328.5   342.3   359.2   379.2   412.9   501.2   775.0  3558.3  43789.8    43714
read      273.2   163.3    86.8   134.3   147.7   242.3   298.3   328.7   349.7   374.7   410.0   481.9   800.8  2000.2  3721.5  87272.0    87369
read      264.7   107.0    86.8   135.1   148.1   254.8   306.6   330.9   346.5   365.7   390.0   430.2   547.4   840.8  2173.8  56593.8    56640
read      284.8   191.4    86.8   138.0   151.8   248.5   302.9   333.0   354.8   382.0   421.7   512.3   982.0  2296.2  4921.3  97539.5    97360
read      264.4   126.5    86.8   132.5   145.4   239.8   296.8   326.4   346.6   370.8   401.7   462.7   663.3  1195.6  2568.7  79644.8    79788
read      250.4    84.9   101.3   165.7   184.9   247.5   268.9   280.6   289.4   298.7   312.9   334.0   384.3   671.6  5598.9  11493.0    11352
read      272.4   162.3    86.8   133.4   146.5   240.5   296.3   326.6   347.8   373.6   409.2   488.6   831.9  1701.4  3439.6  87824.0    87962
read      267.7    93.7    93.8   141.7   155.9   266.7   308.3   328.3   341.6   357.8   376.6   407.5   483.3   636.1  2601.0  40785.0    40663
read      262.9   124.9    86.8   133.2   146.0   250.3   303.7   328.8   345.3   365.1   389.9   430.5   553.8   925.3  3138.5  59348.5    59386
read      305.9   207.4    86.8   138.7   152.8   279.2   336.1   368.6   393.5   426.2   468.4   545.4   836.2  2225.2  8911.1  48128.2    48302
read      277.5   117.9    93.8   157.8   177.3   269.4   300.3   317.0   329.4   343.1   363.8   398.7   553.7  1471.6  3149.4  19412.2    19398
read      344.1   360.3    86.8   138.1   152.4   265.4   328.8   367.9   400.6   453.6   547.8   749.3  1896.8  4289.9  7874.0  82268.5    82197
read      268.0   147.3    86.8   132.1   144.8   240.4   298.3   327.9   348.0   372.0   403.1   466.0   715.1  1862.3  3318.7  77456.2    77387
read      268.3   142.4    86.8   132.7   145.4   243.8   301.1   330.0   349.5   372.6   402.7   463.8   691.5  1516.9  3382.8  72938.8    72753
read      245.5   110.8   109.4   169.7   186.0   239.3   257.8   268.3   274.9   285.8   297.1   318.2   375.3  1480.9  4618.1   7792.8     7720
read      272.6   107.5    86.8   140.7   154.8   267.5   313.2   335.0   349.5   367.3   390.3   428.7   539.9   898.2  2245.9  46189.0    46279
read      295.4   144.3    86.8   139.9   154.5   278.0   329.2   358.2   379.6   405.2   444.6   507.3   718.2  1602.6  2671.5  42125.5    42102
read      366.0   403.3    80.4   141.8   158.0   274.1   338.3   380.3   418.9   480.6   596.6   833.7  2176.7  4925.8  8000.4  90801.8    90892
read      269.1    98.7    93.8   142.6   157.1   267.5   308.6   328.3   341.4   357.3   376.0   408.4   503.1   711.2  3232.6  39996.2    39976
read      264.5   110.3    86.8   133.4   146.4   250.7   305.7   331.8   348.7   369.1   394.4   436.2   573.6   959.2  2144.6  61010.0    61084
read      273.8    94.6   101.3   161.7   180.8   266.5   295.6   312.2   323.4   338.2   357.7   393.1   533.4  1256.5  1909.9  16705.8    16735
read      314.7   192.6    86.8   139.2   153.8   284.4   344.0   379.9   406.9   443.9   492.2   575.7   898.7  2327.2  4175.4  45907.2    45909
read      290.9   115.5    93.8   149.9   166.2   281.5   323.2   345.5   363.3   384.0   411.9   462.3   612.4  1338.0  2023.3  28841.0    28976
read      336.6   329.1    80.4   136.4   150.7   260.5   323.5   363.4   397.0   451.7   550.9   765.4  1733.1  3631.9  7722.8  84660.2    84704
read      289.0   197.1    86.8   138.3   152.5   250.5   304.8   335.2   357.8   385.9   427.6   524.3  1084.3  2250.4  3446.1 101571.0   101822
read      270.5   164.4    86.8   133.8   147.1   239.4   295.2   325.5   346.7   373.0   408.8   484.5   797.4  1443.2  4819.4  92416.5    92571
read      249.2   102.9   101.3   162.9   181.4   245.5   266.9   277.9   287.3   296.7   311.7   334.2   388.9  1131.8  4898.3  12054.8    12106
read      263.7   106.5    86.8   134.2   147.2   252.3   305.7   331.0   347.4   367.6   392.9   433.7   550.1   748.3  1400.7  58697.2    58568
read      291.0   160.0    86.8   136.4   150.3   272.3   327.2   357.1   379.1   406.0   448.5   516.5   705.3  1347.3  6923.5  51318.0    51319
read      281.4   128.7    93.8   155.8   174.1   274.9   308.9   326.9   340.0   356.4   377.2   416.6   542.2  1191.5  6602.8  21574.8    21556
read      270.6   113.9    93.8   158.6   178.4   261.3   291.7   309.2   320.8   337.1   358.0   393.6   527.7  1225.5  3968.1  14215.5    14191
read      314.9   136.5    93.8   146.2   164.3   300.1   358.8   389.9   412.1   439.4   470.9   524.1   663.6  1265.6  3583.3  29198.0    29072
read      292.7   111.4    93.8   157.1   177.4   281.8   321.3   342.5   358.4   376.1   401.3   447.5   659.3  1245.9  1908.0  16404.2    16350
read      855.4  1058.2    93.8   219.1   249.7   429.7   593.4   720.8   982.7  1653.2  2425.6  3265.3  4988.2  7928.6  9475.5  87046.2    86891
read      460.6   386.8    93.8   186.5   218.5   385.9   473.6   529.0   571.9   627.3   712.2   877.2  2155.4  4897.1  8022.1 104189.8   104441
read      244.2   107.5   101.3   164.8   181.9   238.1   258.1   269.3   276.9   287.8   300.2   323.1   392.1  1211.7  4544.1   8957.2     8906
read      271.4   119.5    86.8   141.4   156.1   269.3   310.5   330.2   343.3   359.5   378.6   410.7   506.4   928.0  4637.2  42156.8    42175
read      269.0   105.2    86.8   137.9   151.5   262.8   310.9   333.5   348.2   366.3   389.3   426.7   539.3   907.2  2030.8  51801.8    51797
read      262.6   121.4    86.8   132.7   145.8   242.6   298.6   326.8   345.7   368.0   396.2   444.8   605.4  1022.8  3075.6  76447.5    76678
read      265.4    85.9    93.8   160.4   178.7   264.5   290.9   305.2   315.1   326.9   341.7   366.0   427.3   893.2  3190.0  19703.2    19630
read      273.7   143.8    80.4   138.0   151.8   247.6   300.3   329.1   349.3   373.5   405.8   468.2   764.2  1725.8  2685.4 100014.0   100132
read      268.3   107.8    86.8   141.5   156.1   267.5   308.1   327.3   340.1   355.4   373.2   402.8   485.1   804.0  3714.7  40468.8    40498
read      281.8   187.7    80.4   140.1   155.0   252.8   304.7   333.3   354.1   379.3   414.7   482.9   840.6  1905.1  7215.3 108623.0   108559
read      269.4    89.5    93.8   153.9   171.9   267.6   296.7   312.3   322.6   336.4   353.2   384.2   487.6   918.3  3012.3  23980.0    23964
read      264.2   110.9    86.8   133.3   146.8   247.3   302.8   329.9   347.8   369.6   397.0   445.3   593.1   858.1  1911.1  70823.0    70760
read      270.4   132.2    86.8   137.3   151.0   245.9   298.2   326.8   346.9   371.1   402.2   462.9   732.2  1435.8  2486.6  99578.0    99567
read      293.9   167.5    86.8   143.7   160.2   264.6   317.4   346.6   369.1   396.8   437.0   522.9   876.2  1859.4  3681.3 107712.0   107548
read      275.4   114.7    86.8   138.1   152.3   266.2   314.8   338.5   355.1   373.7   399.2   444.7   610.5  1123.5  2212.2  53759.8    53742
read      281.7   158.3    86.8   140.1   154.8   253.3   306.2   335.5   356.9   382.5   418.7   490.4   830.6  1690.4  3916.8 104114.0   103931
read      263.4   102.4    86.8   134.3   147.5   253.2   306.1   330.7   346.6   366.1   389.9   427.4   537.9   787.4  2007.4  60421.0    60359
read      248.5    80.8    93.8   166.1   184.7   244.2   265.2   275.7   285.3   294.9   309.5   331.7   388.4  1177.6  3007.9   9684.2     9725
read      267.4   104.1    86.8   136.5   150.3   261.1   309.3   332.2   347.2   365.7   388.9   427.0   536.3   795.0  2219.7  51933.2    52014
read      269.9    92.8    86.8   142.3   157.5   269.8   309.8   329.2   342.1   358.2   376.9   408.0   494.3   706.3  1616.7  40031.2    40053
read      264.8   121.2    86.8   134.3   147.6   242.5   297.5   325.9   345.5   369.0   398.7   454.5   654.3  1054.1  2524.2  86640.2    86436
read      266.9    96.4    93.8   154.1   171.3   266.6   295.3   310.6   320.3   333.7   348.1   373.3   446.1   884.9  4102.4  24053.2    23983
read      260.7   112.5    86.8   131.9   144.8   245.6   301.0   327.7   345.0   365.3   390.3   431.3   561.2   903.0  1908.0  66769.8    66595
read      271.1   215.5    93.8   153.4   170.6   269.1   299.6   315.3   326.4   339.4   356.7   384.6   461.5   836.5 12211.4  26181.5    26056
read      266.9   119.3    80.4   136.2   149.9   260.0   308.2   330.7   345.1   363.2   385.6   422.9   535.7  1020.2  4288.3  51673.2    51764
read      268.8    99.7    86.8   142.2   157.0   268.8   308.4   327.3   339.9   354.8   372.3   401.8   490.1   802.7  2371.8  40280.8    40202
read      260.8   123.2    86.8   131.4   144.1   239.1   295.8   324.1   343.0   365.1   392.6   436.7   621.2  1312.6  2721.1  76755.8    76665
read      250.6    84.5   101.3   165.8   184.2   247.9   268.9   280.3   289.1   298.3   312.9   334.4   386.3  1093.7  3378.7  11083.0    11133
read      260.4   123.9    86.8   131.8   144.7   238.4   294.4   323.0   342.5   365.1   393.6   441.1   618.3  1178.3  3078.2  80029.0    80405
read      265.1   117.7    86.8   134.5   147.9   245.0   299.6   327.7   346.6   369.3   397.7   446.9   623.6  1246.0  2057.0  79088.2    79106
read      274.5   146.5    80.4   138.7   152.9   249.0   301.4   329.8   349.8   373.9   406.0   468.2   756.5  1626.6  3805.1  97380.2    97258
read      275.8    93.0    93.8   150.7   166.8   275.1   311.4   329.5   342.0   357.5   375.5   407.3   506.3   860.2  2131.4  36290.2    36307
read      277.6    93.3    93.8   156.2   173.5   275.9   308.1   324.3   336.4   349.5   368.9   400.6   526.4   970.4  2064.3  28733.8    28636
read      275.2   112.8    86.8   142.4   157.8   270.1   310.8   330.5   343.7   360.5   381.5   422.5   594.3  1281.1  2176.7  41769.5    41620
read      261.9   129.1    86.8   132.3   145.2   241.6   298.2   326.3   345.0   367.0   394.2   438.9   604.9  1089.0  3181.3  75687.2    75736
read      268.2   107.7    86.8   139.4   153.6   265.9   308.9   329.3   342.6   358.9   378.0   410.8   509.3   757.8  3833.8  44857.0    44979
read      268.2    93.9    93.8   147.1   162.7   269.2   302.6   318.8   330.9   343.7   362.0   390.2   467.2   777.9  3111.0  31579.5    31478
read      272.4    97.2    86.8   143.9   159.3   271.5   309.9   328.7   341.6   357.5   376.4   410.5   516.7   943.2  2006.3  37529.5    37586
read      290.9   219.6    86.8   141.1   156.3   257.1   310.5   339.9   361.8   388.4   426.6   502.7   897.3  2802.0  7048.6 108393.0   108330
read      271.9   124.9    86.8   135.3   149.1   257.3   310.3   336.2   353.8   373.7   400.9   451.5   634.5  1189.6  3054.6  64268.5    64301
read      250.5    77.6   101.3   166.6   185.4   248.1   269.0   280.5   289.3   298.4   312.9   334.1   381.2   776.3  2888.3  11178.2    11203
read      240.6    81.3   101.3   167.0   183.0   236.2   255.3   266.4   273.3   283.6   295.2   316.0   368.5  1110.4  3790.5   7330.5     7291
read      261.3   127.0    86.8   133.1   146.2   237.9   292.8   321.6   341.7   364.9   394.1   443.1   635.7  1324.5  2901.2  87385.8    87477
read      264.1   140.8    86.8   132.9   145.9   241.8   298.5   327.5   346.6   369.2   397.3   445.7   629.0  1328.6  3488.7  77657.2    77485
read      268.7    92.4    86.8   141.0   155.5   267.8   309.6   329.4   342.3   358.3   376.6   408.0   499.7   764.1  1833.8  42133.2    42055
read      268.0    77.8    93.8   151.6   168.1   268.8   299.4   314.8   325.7   339.0   356.2   384.2   465.8   822.7  1287.3  27043.2    26865
read      268.9   146.6    86.8   135.0   148.7   241.9   295.1   324.2   344.4   368.4   399.3   458.6   776.1  1801.8  3047.4  94505.8    94592
read      263.3   107.0    86.8   133.2   146.3   248.7   303.8   330.3   347.6   368.4   394.4   436.4   572.3   853.8  2062.9  66795.0    66869
read      260.8    77.5    86.8   157.5   176.7   258.1   282.8   296.0   307.0   318.5   335.8   363.9   454.7   913.5  1977.9  17927.5    17835
read      268.2   113.4    86.8   135.4   149.3   258.9   309.0   332.7   348.2   366.8   390.6   430.7   576.6  1068.7  1934.8  56029.0    55977
read      264.4   133.4    80.4   133.2   146.3   240.9   296.8   325.5   344.6   367.1   395.4   445.1   673.6  1371.4  2771.7  82472.2    82437
read      256.8    79.5    93.8   159.4   178.7   254.3   277.7   291.3   300.8   312.8   327.6   351.3   427.0   833.5  3164.9  15702.8    15775
read      263.6   134.9    86.8   133.3   146.5   238.8   293.8   322.9   342.8   366.2   396.0   451.0   685.2  1339.0  2517.9  87591.0    87559
read      284.0   195.7    86.8   139.2   153.8   251.5   304.3   333.6   354.8   380.2   416.2   486.8   903.9  2444.3  4962.1 105491.5   105401
read      268.6   152.9    80.4   134.1   147.6   241.9   297.1   326.5   346.3   370.3   400.9   458.1   716.9  1809.6  4157.5  88788.2    88752
read      267.2   150.5    86.8   134.4   148.0   241.0   295.0   324.2   344.3   368.0   398.2   455.7   736.1  1521.4  4885.8  94605.0    94531
read      271.6   154.3    86.8   136.7   150.3   243.0   295.8   324.7   345.0   369.6   401.3   461.0   813.1  1878.1  2937.1 101335.8   101303
read      259.7   118.9    86.8   132.6   145.5   237.0   292.4   321.1   341.0   363.7   392.3   440.7   631.1  1076.1  2740.0  86665.5    86640
read      260.8   120.1    86.8   132.6   145.6   238.1   293.7   322.8   342.4   365.4   394.4   443.6   633.2  1195.3  1870.1  84604.2    84818
read      266.1   122.8    93.8   158.8   177.2   264.6   291.1   305.3   315.2   326.8   341.1   364.6   424.0   993.4  5124.6  20264.8    20221
read      265.0   108.3    86.8   139.9   153.7   263.6   306.0   325.7   339.0   354.2   372.3   402.3   479.3   738.9  2167.1  43509.5    43599
read      266.8   137.4    86.8   135.7   149.3   258.1   307.8   330.6   345.3   363.3   385.2   420.9   535.1  1305.2  4343.4  52880.8    52779
read      272.9   146.6    86.8   136.4   150.1   246.6   300.8   329.8   349.9   373.5   404.9   466.9   773.6  1679.7  2622.1  89913.0    89855
read      266.8   106.2    86.8   138.1   151.8   262.6   309.3   331.0   345.0   362.3   383.2   417.3   507.2   773.9  1990.3  48471.0    48532
read      288.0   177.8    80.4   141.4   156.8   257.5   309.6   338.3   359.7   385.5   422.3   497.7   907.3  2298.0  3212.2 107513.2   107423
read      265.7   109.3    86.8   138.5   152.2   262.4   307.4   328.4   342.2   358.7   377.8   408.5   495.2   762.0  2890.7  46506.5    46535
read      265.5    97.7    86.8   137.9   151.6   262.4   308.5   329.7   343.4   360.1   379.6   411.2   499.1   765.4  2374.0  47548.8    47535
read      263.4    98.3    86.8   136.3   149.9   259.5   306.3   327.9   342.0   358.8   378.3   410.3   498.3   790.5  1963.8  49681.8    49633
read      268.3    98.6    86.8   150.1   165.8   268.9   302.2   318.3   330.4   343.4   361.4   388.3   455.0   646.8  4144.2  30272.8    30334
read      263.2    91.7   101.3   163.2   181.8   262.7   287.2   300.1   309.9   319.8   335.2   357.3   408.6   920.1  3518.6  17251.0    17207
read      280.3   195.5    80.4   138.5   152.7   248.6   300.5   329.5   350.1   374.6   408.7   475.1   877.7  2756.4  5961.3 105837.5   106074
read      262.9    97.1    86.8   136.5   150.0   259.8   305.2   326.1   340.1   356.4   375.2   407.5   501.7   702.3  1803.9  48811.5    48912
read      268.2   146.1    86.8   135.2   148.9   241.9   295.3   324.3   344.6   368.8   399.9   459.2   731.1  1698.6  3216.2  96494.2    96483
read      266.0    94.6    86.8   142.1   156.7   266.0   305.5   324.0   337.0   351.3   369.8   398.9   471.2   684.3  2215.6  39324.0    39228
read      262.7   128.6    86.8   133.5   146.6   237.5   291.6   320.7   341.0   364.5   394.4   448.3   707.5  1305.1  2226.6  92544.8    92350
read      259.0   124.9    86.8   131.9   144.7   235.9   291.5   320.2   339.9   362.7   391.0   437.5   625.3  1236.3  2987.5  85179.0    85084
read      259.0   134.1    86.8   131.2   143.9   236.1   292.4   321.2   340.6   362.8   390.7   436.4   618.3  1204.6  3837.1  81940.2    81993
read      274.9   160.7    86.8   137.7   151.5   246.0   298.5   327.2   347.3   371.9   403.5   467.4   844.0  1982.3  2755.1 101595.5   101617
read      262.7    99.5    93.8   161.3   180.9   258.6   282.9   296.1   306.9   318.2   334.7   359.9   444.5  1263.2  3465.2  16731.5    16730
read      265.6   128.4    80.4   133.1   146.4   247.2   302.7   329.7   347.5   368.9   396.7   446.6   622.3  1153.8  3194.7  71173.8    71079
read      282.2   183.3    80.4   140.0   154.6   251.8   303.9   332.8   353.4   378.2   412.5   478.4   844.3  2417.3  3720.5 108703.8   108942
read      261.9   118.7    86.8   134.3   147.4   254.2   304.4   327.4   342.4   360.3   382.0   417.0   515.9   804.6  2815.5  55496.0    55406
read      266.0    93.0    86.8   140.1   154.0   265.7   306.9   326.3   339.3   354.4   372.4   403.1   496.5   705.4  1947.3  42331.5    42279
read      262.9    86.6    93.8   156.7   174.0   263.0   289.9   304.1   313.9   325.3   340.7   365.0   422.5   926.5  2700.1  21911.5    21876
read      268.0    89.6    93.8   146.8   162.1   269.3   305.1   322.1   334.7   347.4   366.0   392.9   460.0   670.5  2439.6  34122.2    34140
read      266.4   133.6    86.8   139.5   153.5   263.8   306.2   326.1   339.4   354.9   373.3   403.8   489.8   818.4  6423.3  42895.5    42897
read      262.5    77.9    93.8   160.2   178.6   261.1   286.7   300.2   310.8   321.4   337.6   361.5   429.5   906.6  2353.2  18462.2    18462
read      270.8   174.2    80.4   135.0   148.7   240.5   293.3   322.0   342.5   366.7   398.4   457.5   805.1  2280.2  4369.9 100273.2   100375
read      266.5    91.2    86.8   141.3   155.6   266.4   307.5   326.8   339.9   355.2   373.0   402.1   479.1   685.5  1720.7  41481.2    41347
read      273.1   148.3    86.8   137.4   151.2   245.6   298.4   327.6   347.8   372.4   404.6   465.7   807.4  1797.1  2906.3 101608.0   101594
read      263.5    95.8    86.8   137.7   151.1   260.3   306.0   326.9   340.7   357.0   375.7   407.8   495.7   697.1  1987.5  47406.2    47486
read      258.1   127.3    86.8   130.9   143.5   238.5   294.9   322.5   340.9   362.1   388.6   431.0   577.9  1074.2  3664.3  73176.2    73393
read      263.1    97.2    80.4   135.6   148.9   258.1   306.3   328.9   343.3   360.7   381.6   415.3   503.7   771.6  1680.7  51302.8    51134
read      262.5   111.9    86.8   133.0   146.2   251.8   304.2   328.7   344.6   363.5   386.7   424.5   548.7   855.0  3192.4  58330.2    58201
read      262.2   135.1    86.8   132.1   144.9   242.6   298.9   326.2   344.2   365.1   391.2   433.9   601.2  1389.7  3147.1  71055.0    71020
read      262.0   124.3    86.8   131.9   144.8   241.5   298.2   326.5   345.0   366.5   393.3   436.9   612.3  1238.6  3067.9  72148.0    72071
read      266.0   135.3    86.8   134.2   147.8   240.8   294.6   323.5   343.5   367.0   396.6   451.4   724.1  1597.1  2577.1  93388.0    93446
read      267.2    75.4    93.8   151.1   167.1   268.8   300.7   316.5   327.8   340.3   357.1   383.2   449.9   665.2  1205.3  28671.8    28724
read      262.3   108.8    86.8   133.8   147.1   250.8   304.7   329.7   345.8   364.9   388.4   425.9   529.9   834.0  2324.3  59076.2    59269
read      258.1   112.1    80.4   130.9   143.5   238.1   294.8   322.9   341.8   363.5   390.4   434.5   592.7  1010.6  2003.6  74653.5    74624
read      262.7   105.7    86.8   134.3   147.8   256.5   305.7   328.1   342.5   359.9   380.8   414.7   509.2   867.1  2491.8  52365.0    52368
read      245.0    74.6   101.3   166.4   184.4   242.3   262.0   272.1   280.1   290.0   302.1   320.6   366.6  1110.8  3267.2   9661.5     9687
read      266.6   100.3    86.8   139.7   153.8   264.1   307.5   327.7   340.8   356.7   375.3   407.5   495.1   943.6  2252.6  44241.5    44165
read      237.4    85.3   101.3   165.6   181.0   233.5   251.7   262.2   269.4   277.6   290.3   309.8   358.0  1157.8  4152.0   6883.2     6895
read      264.4   111.4    86.8   135.4   149.0   256.2   306.2   329.1   344.0   362.2   384.6   422.1   542.5   868.7  2614.3  55274.0    55457
read      269.3   118.3    86.8   134.3   148.0   256.2   309.0   334.1   350.9   370.5   396.5   441.0   617.8  1141.6  2669.6  60910.0    61164
read      287.4   201.0    86.8   140.3   155.1   254.6   307.3   336.6   358.0   384.1   421.0   493.0   895.5  2644.9  5471.7 108609.8   108384
read      272.5    84.3    93.8   152.0   168.4   273.1   308.4   325.7   337.7   351.1   368.6   396.9   468.2   697.3  1953.0  33334.5    33319
read      278.4   171.1    80.4   138.3   152.5   248.2   301.5   331.0   352.0   377.1   411.4   474.4   854.8  2173.2  3858.1  97809.5    97895
read      275.4    99.3    93.8   147.2   162.7   273.6   312.4   331.5   344.3   360.6   380.2   415.0   529.5   894.3  2495.6  39619.0    39720
read      267.5   114.9    86.8   135.2   149.1   250.7   305.4   332.1   349.9   371.0   397.9   444.6   614.2  1117.4  2095.8  68450.8    68554
read      266.8   156.8    86.8   133.4   146.8   240.2   295.3   324.5   344.2   367.9   398.3   456.0   725.7  1688.4  4670.7  87228.0    86849
read      266.1    85.6    93.8   148.6   164.3   267.5   300.2   316.3   327.9   340.8   358.1   385.0   459.7   632.5  2025.7  30370.0    30264
read      292.9   207.6    86.8   141.2   156.2   258.1   312.3   342.1   364.2   391.3   429.7   506.8   957.8  2775.7  5271.1 101060.2   100754
read      293.4   194.7    80.4   142.2   157.5   260.8   314.8   344.2   366.4   392.9   430.1   505.3   970.3  2464.0  3738.4  98400.2    98098
read      262.5   138.8    86.8   133.0   146.1   238.6   294.6   323.8   343.5   366.5   395.5   446.2   665.5  1216.1  2659.1  85909.0    86028
read      267.2   141.9    86.8   134.5   148.1   240.3   294.7   324.1   344.4   368.7   400.0   460.5   733.3  1582.0  3578.4  92941.0    93054
read      267.8   108.6    93.8   140.8   155.0   266.1   308.1   327.9   341.1   356.9   375.0   404.4   488.0   882.2  3426.4  42475.8    42348
read      266.4    83.5    86.8   149.9   165.5   268.4   300.9   316.7   328.0   340.5   357.0   381.5   445.3   621.8  2490.7  29476.8    29490
read      260.8    65.7    93.8   160.5   178.8   261.5   286.5   299.7   309.7   319.8   335.4   357.5   404.0   523.2  1978.7  18281.8    18187
read      269.9   161.9    86.8   134.7   148.2   240.0   293.8   322.9   343.1   367.3   398.7   459.8   839.3  1940.9  3201.3  95158.5    95113
read      241.7    83.7   101.3   166.2   183.2   237.6   256.6   267.7   274.6   285.4   296.7   318.0   369.1  1118.5  4170.2   8487.2     8570
read      258.9   102.8    86.8   132.5   145.4   246.3   300.4   325.5   341.9   361.3   385.0   423.4   534.6   838.2  1747.3  62324.8    62285
read      264.0   108.8    86.8   135.3   148.9   257.4   305.9   328.5   343.2   360.9   382.2   417.5   531.6   853.6  2036.6  52508.5    52582
read      266.6    98.3    86.8   144.4   159.6   267.2   302.4   318.8   331.3   344.4   363.7   393.0   470.5   777.0  3906.7  34140.2    34260
read      262.6   115.8    86.8   132.6   145.8   249.6   303.1   328.3   344.7   364.2   388.4   428.2   555.3  1156.8  3308.5  59384.5    59493
read      262.4   113.8    86.8   133.8   147.0   252.0   304.2   328.4   344.1   362.7   385.3   421.3   536.5   947.8  2252.2  58026.8    58208
read      274.8   168.3    86.8   136.2   150.1   245.5   299.9   329.1   349.5   373.3   404.3   465.9   809.7  2241.4  3448.9  93335.2    93458
read      259.9    86.9    93.8   159.2   178.2   259.0   283.7   296.6   307.1   317.7   333.0   355.4   413.7   741.2  2427.5  17958.2    18056

Total QPS = 58019.2 (104434600 / 1800.0s)

Total connections = 64
Misses = 0 (0.0%)
Skipped TXs = 0 (0.0%)

RX 25795346200 bytes :   13.7 MB/s
TX          0 bytes :    0.0 MB/s
Warning! Detected max cpu usage > 95%
CPU Usage Stats (avg/min/max): 100.00%,49.75%,100.00%
